title,DreamWorks,FilmDistrict,Focus Features,Fox Searchlight Pictures,Lionsgate,Open Road Films (II),Other,Paramount Pictures,Relativity Media,Roadside Attractions,STX Entertainment,Screen Gems,Sony Pictures Classics,Sony Pictures Entertainment (SPE),Summit Entertainment,The Weinstein Company,TriStar Pictures,Twentieth Century Fox,Universal Pictures,Walt Disney Studios Motion Pictures,Warner Bros.
Alice in Wonderland,0,0,0,0,0,0,0,0,0,0,0,0,0,0,0,0,0,0,0,1,0
Iron Man 2,0,0,0,0,0,0,0,1,0,0,0,0,0,0,0,0,0,0,0,0,0
The Twilight Saga: Eclipse,0,0,0,0,0,0,0,0,0,0,0,0,0,0,1,0,0,0,0,0,0
Inception,0,0,0,0,0,0,0,0,0,0,0,0,0,0,0,0,0,0,0,0,1
Despicable Me,0,0,0,0,0,0,0,0,0,0,0,0,0,0,0,0,0,0,1,0,0
Shrek Forever After,1,0,0,0,0,0,0,0,0,0,0,0,0,0,0,0,0,0,0,0,0
How to Train Your Dragon,1,0,0,0,0,0,0,0,0,0,0,0,0,0,0,0,0,0,0,0,0
Tangled,0,0,0,0,0,0,0,0,0,0,0,0,0,0,0,0,0,0,0,1,0
The Karate Kid,0,0,0,0,0,0,0,0,0,0,0,0,0,1,0,0,0,0,0,0,0
TRON: Legacy,0,0,0,0,0,0,0,0,0,0,0,0,0,0,0,0,0,0,0,1,0
True Grit,0,0,0,0,0,0,0,1,0,0,0,0,0,0,0,0,0,0,0,0,0
Clash of the Titans,0,0,0,0,0,0,0,0,0,0,0,0,0,0,0,0,0,0,0,0,1
Grown Ups,0,0,0,0,0,0,0,0,0,0,0,0,0,1,0,0,0,0,0,0,0
Little Fockers,0,0,0,0,0,0,0,0,0,0,0,0,0,0,0,0,0,0,1,0,0
Megamind,1,0,0,0,0,0,0,0,0,0,0,0,0,0,0,0,0,0,0,0,0
The King's Speech,0,0,0,0,0,0,0,0,0,0,0,0,0,0,0,1,0,0,0,0,0
The Last Airbender,0,0,0,0,0,0,0,1,0,0,0,0,0,0,0,0,0,0,0,0,0
Shutter Island,0,0,0,0,0,0,0,1,0,0,0,0,0,0,0,0,0,0,0,0,0
The Other Guys,0,0,0,0,0,0,0,0,0,0,0,0,0,1,0,0,0,0,0,0,0
Salt,0,0,0,0,0,0,0,0,0,0,0,0,0,1,0,0,0,0,0,0,0
Jackass 3D,0,0,0,0,0,0,0,1,0,0,0,0,0,0,0,0,0,0,0,0,0
Valentine's Day,0,0,0,0,0,0,0,0,0,0,0,0,0,0,0,0,0,0,0,0,1
Black Swan,0,0,0,1,0,0,0,0,0,0,0,0,0,0,0,0,0,0,0,0,0
Robin Hood,0,0,0,0,0,0,0,0,0,0,0,0,0,0,0,0,0,0,1,0,0
The Chronicles of Narnia: The Voyage of the Dawn Treader,0,0,0,0,0,0,0,0,0,0,0,0,0,0,0,0,0,1,0,0,0
The Expendables,0,0,0,0,1,0,0,0,0,0,0,0,0,0,0,0,0,0,0,0,0
Due Date,0,0,0,0,0,0,0,0,0,0,0,0,0,0,0,0,0,0,0,0,1
Yogi Bear,0,0,0,0,0,0,0,0,0,0,0,0,0,0,0,0,0,0,0,0,1
Date Night,0,0,0,0,0,0,0,0,0,0,0,0,0,0,0,0,0,1,0,0,0
Sex and the City 2,0,0,0,0,0,0,0,0,0,0,0,0,0,0,0,0,0,0,0,0,1
The Book of Eli,0,0,0,0,0,0,0,0,0,0,0,0,0,0,0,0,0,0,0,0,1
The Fighter,0,0,0,0,0,0,0,1,0,0,0,0,0,0,0,0,0,0,0,0,0
The Town,0,0,0,0,0,0,0,0,0,0,0,0,0,0,0,0,0,0,0,0,1
Prince of Persia: The Sands of Time,0,0,0,0,0,0,0,0,0,0,0,0,0,0,0,0,0,0,0,1,0
RED,0,0,0,0,0,0,0,0,0,0,0,0,0,0,1,0,0,0,0,0,0
Percy Jackson & the Olympians: The Lightning Thief,0,0,0,0,0,0,0,0,0,0,0,0,0,0,0,0,0,1,0,0,0
Paranormal Activity 2,0,0,0,0,0,0,0,1,0,0,0,0,0,0,0,0,0,0,0,0,0
Unstoppable,0,0,0,0,0,0,0,0,0,0,0,0,0,0,0,0,0,1,0,0,0
Eat Pray Love,0,0,0,0,0,0,0,0,0,0,0,0,0,1,0,0,0,0,0,0,0
Dear John,0,0,0,0,0,0,0,0,0,0,0,1,0,0,0,0,0,0,0,0,0
The A-Team,0,0,0,0,0,0,0,0,0,0,0,0,0,0,0,0,0,1,0,0,0
Knight and Day 2010 Re-release,0,0,0,0,0,0,0,0,0,0,0,0,0,0,0,0,0,1,0,0,0
Dinner for Schmucks,1,0,0,0,0,0,0,0,0,0,0,0,0,0,0,0,0,0,0,0,0
The Tourist,0,0,0,0,0,0,0,0,0,0,0,0,0,1,0,0,0,0,0,0,0
The Bounty Hunter,0,0,0,0,0,0,0,0,0,0,0,0,0,1,0,0,0,0,0,0,0
The Sorcerer's Apprentice,0,0,0,0,0,0,0,0,0,0,0,0,0,0,0,0,0,0,0,1,0
A Nightmare on Elm Street,0,0,0,0,0,0,0,0,0,0,0,0,0,0,0,0,0,0,0,0,1
The Last Song,0,0,0,0,0,0,0,0,0,0,0,0,0,0,0,0,0,0,0,1,0
The Wolfman,0,0,0,0,0,0,0,0,0,0,0,0,0,0,0,0,0,0,1,0,0
Get Him to the Greek,0,0,0,0,0,0,0,0,0,0,0,0,0,0,0,0,0,0,1,0,0
Resident Evil: Afterlife,0,0,0,0,0,0,0,0,0,0,0,1,0,0,0,0,0,0,0,0,0
Why Did I Get Married Too?,0,0,0,0,1,0,0,0,0,0,0,0,0,0,0,0,0,0,0,0,0
Tooth Fairy,0,0,0,0,0,0,0,0,0,0,0,0,0,0,0,0,0,1,0,0,0
Secretariat,0,0,0,0,0,0,0,0,0,0,0,0,0,0,0,0,0,0,0,1,0
Easy A,0,0,0,0,0,0,0,0,0,0,0,1,0,0,0,0,0,0,0,0,0
Takers,0,0,0,0,0,0,0,0,0,0,0,1,0,0,0,0,0,0,0,0,0
Legend of the Guardians: The Owls of Ga'Hoole,0,0,0,0,0,0,0,0,0,0,0,0,0,0,0,0,0,0,0,0,1
Life as We Know It,0,0,0,0,0,0,0,0,0,0,0,0,0,0,0,0,0,0,0,0,1
Letters to Juliet,0,0,0,0,0,0,0,0,0,0,0,0,0,0,1,0,0,0,0,0,0
Wall Street: Money Never Sleeps,0,0,0,0,0,0,0,0,0,0,0,0,0,0,0,0,0,1,0,0,0
Predators,0,0,0,0,0,0,0,0,0,0,0,0,0,0,0,0,0,1,0,0,0
Hot Tub Time Machine,0,0,0,0,0,0,1,0,0,0,0,0,0,0,0,0,0,0,0,0,0
Kick-Ass,0,0,0,0,1,0,0,0,0,0,0,0,0,0,0,0,0,0,0,0,0
Killers,0,0,0,0,1,0,0,0,0,0,0,0,0,0,0,0,0,0,0,0,0
Saw: The Final Chapter,0,0,0,0,1,0,0,0,0,0,0,0,0,0,0,0,0,0,0,0,0
Cop Out,0,0,0,0,0,0,0,0,0,0,0,0,0,0,0,0,0,0,0,0,1
Cats & Dogs: The Revenge of Kitty Galore,0,0,0,0,0,0,0,0,0,0,0,0,0,0,0,0,0,0,0,0,1
Edge of Darkness,0,0,0,0,0,0,0,0,0,0,0,0,0,0,0,0,0,0,0,0,1
Gulliver's Travels,0,0,0,0,0,0,0,0,0,0,0,0,0,0,0,0,0,1,0,0,0
Death at a Funeral,0,0,0,0,0,0,0,0,0,0,0,1,0,0,0,0,0,0,0,0,0
Step Up 3D,0,0,0,0,0,0,0,0,0,0,0,0,0,0,0,0,0,0,0,1,0
The Last Exorcism,0,0,0,0,1,0,0,0,0,0,0,0,0,0,0,0,0,0,0,0,0
Legion,0,0,0,0,0,0,0,0,0,0,0,1,0,0,0,0,0,0,0,0,0
Burlesque,0,0,0,0,0,0,0,0,0,0,0,1,0,0,0,0,0,0,0,0,0
The Crazies,0,0,0,0,0,0,1,0,0,0,0,0,0,0,0,0,0,0,0,0,0
For Colored Girls,0,0,0,0,1,0,0,0,0,0,0,0,0,0,0,0,0,0,0,0,0
The Back-up Plan,0,0,0,0,0,0,0,0,0,0,0,0,0,0,0,0,0,0,0,0,0
Vampires Suck,0,0,0,0,0,0,0,0,0,0,0,0,0,0,0,0,0,1,0,0,0
The American,0,0,1,0,0,0,0,0,0,0,0,0,0,0,0,0,0,0,0,0,0
Green Zone,0,0,0,0,0,0,0,0,0,0,0,0,0,0,0,0,0,0,1,0,0
Marmaduke,0,0,0,0,0,0,0,0,0,0,0,0,0,0,0,0,0,1,0,0,0
Hereafter,0,0,0,0,0,0,0,0,0,0,0,0,0,0,0,0,0,0,0,0,1
Love & Other Drugs,0,0,0,0,0,0,0,0,0,0,0,0,0,0,0,0,0,1,0,0,0
She's Out of My League,0,0,0,0,0,0,0,1,0,0,0,0,0,0,0,0,0,0,0,0,0
Scott Pilgrim vs. the World,0,0,0,0,0,0,0,0,0,0,0,0,0,0,0,0,0,0,1,0,0
Charlie St. Cloud,0,0,0,0,0,0,0,0,0,0,0,0,0,0,0,0,0,0,1,0,0
Morning Glory,0,0,0,0,0,0,0,1,0,0,0,0,0,0,0,0,0,0,0,0,0
How Do You Know,0,0,0,0,0,0,0,0,0,0,0,0,0,1,0,0,0,0,0,0,0
Daybreakers,0,0,0,0,1,0,0,0,0,0,0,0,0,0,0,0,0,0,0,0,0
Nanny McPhee Returns,0,0,0,0,0,0,0,0,0,0,0,0,0,0,0,0,0,0,1,0,0
The Switch,0,0,0,0,0,0,1,0,0,0,0,0,0,0,0,0,0,0,0,0,0
Brooklyn's Finest,0,0,0,0,0,0,1,0,0,0,0,0,0,0,0,0,0,0,0,0,0
Machete,0,0,0,0,0,0,0,0,0,0,0,0,0,0,0,0,0,1,0,0,0
Leap Year,0,0,0,0,0,0,0,0,0,0,0,0,0,0,0,0,0,0,1,0,0
You Again,0,0,0,0,0,0,0,0,0,0,0,0,0,0,0,0,0,0,0,1,0
Piranha 3D,0,0,0,0,0,0,1,0,0,0,0,0,0,0,0,0,0,0,0,0,0
Lottery Ticket,0,0,0,0,0,0,0,0,0,0,0,0,0,0,0,0,0,0,0,0,1
The Spy Next Door,0,0,0,0,1,0,0,0,0,0,0,0,0,0,0,0,0,0,0,0,0
From Paris with Love,0,0,0,0,1,0,0,0,0,0,0,0,0,0,0,0,0,0,0,0,0
The Losers,0,0,0,0,0,0,0,0,0,0,0,0,0,0,0,0,0,0,0,0,1
Faster,0,0,0,0,0,0,0,0,0,0,0,0,0,0,0,0,0,0,0,0,0
Skyline,0,0,0,0,0,0,0,0,0,0,0,0,0,0,0,0,0,0,1,0,0
The Next Three Days,0,0,0,0,1,0,0,0,0,0,0,0,0,0,0,0,0,0,0,0,0
The Kids Are All Right,0,0,1,0,0,0,0,0,0,0,0,0,0,0,0,0,0,0,0,0,0
Country Strong,0,0,0,0,0,0,0,0,0,0,0,1,0,0,0,0,0,0,0,0,0
Remember Me,0,0,0,0,0,0,0,0,0,0,0,0,0,0,1,0,0,0,0,0,0
127 Hours,0,0,0,1,0,0,0,0,0,0,0,0,0,0,0,0,0,0,0,0,0
Going the Distance,0,0,0,0,0,0,0,0,0,0,0,0,0,0,0,0,0,0,0,0,1
Furry Vengeance,0,0,0,0,0,0,0,0,0,0,0,0,0,0,1,0,0,0,0,0,0
Splice 2010 Re-release,0,0,0,0,0,0,0,0,0,0,0,0,0,0,0,0,0,0,0,0,1
The Ghost Writer,0,0,0,0,0,0,0,0,0,0,0,0,0,0,1,0,0,0,0,0,0
Youth in Revolt,0,0,0,0,0,0,1,0,0,0,0,0,0,0,0,0,0,0,0,0,0
My Soul to Take,0,0,0,0,0,0,0,0,0,0,0,0,0,0,0,0,0,0,1,0,0
Repo Men,0,0,0,0,0,0,0,0,0,0,0,0,0,0,0,0,0,0,1,0,0
Case 39,0,0,0,0,0,0,1,0,0,0,0,0,0,0,0,0,0,0,0,0,0
Let Me In,0,0,0,0,0,0,1,0,0,0,0,0,0,0,0,0,0,0,0,0,0
Extraordinary Measures,0,0,0,0,0,0,0,0,0,0,0,0,0,0,0,0,0,0,0,0,0
Avatar 2010 Special Edition,0,0,0,0,0,0,0,0,0,0,0,0,0,0,0,0,0,1,0,0,0
Jonah Hex,0,0,0,0,0,0,0,0,0,0,0,0,0,0,0,0,0,0,0,0,1
The Girl with the Dragon Tattoo,0,0,0,0,0,0,1,0,0,0,0,0,0,0,0,0,0,0,0,0,0
Blue Valentine,0,0,0,0,0,0,0,0,0,0,0,0,0,0,0,1,0,0,0,0,0
Fair Game,0,0,0,0,0,0,0,0,0,0,0,0,0,0,1,0,0,0,0,0,0
Get Low,0,0,0,0,0,0,0,0,0,0,0,0,1,0,0,0,0,0,0,0,0
MacGruber,0,0,0,0,0,0,0,0,0,0,0,0,0,0,0,0,0,0,1,0,0
Cyrus,0,0,0,1,0,0,0,0,0,0,0,0,0,0,0,0,0,0,0,0,0
Conviction 2010 Re-release,0,0,0,1,0,0,0,0,0,0,0,0,0,0,0,0,0,0,0,0,0
City Island,0,0,0,0,0,0,1,0,0,0,0,0,0,0,0,0,0,0,0,0,0
The Last Station,0,0,0,0,0,0,0,0,0,0,0,0,1,0,0,0,0,0,0,0,0
Winter's Bone,0,0,0,0,0,0,0,0,0,1,0,0,0,0,0,0,0,0,0,0,0
It's Kind of a Funny Story,0,0,1,0,0,0,0,0,0,0,0,0,0,0,0,0,0,0,0,0,0
The Warrior's Way,0,0,0,0,0,0,0,0,1,0,0,0,0,0,0,0,0,0,0,0,0
Solitary Man,0,0,0,0,0,0,1,0,0,0,0,0,0,0,0,0,0,0,0,0,0
Inside Job,0,0,0,0,0,0,0,0,0,0,0,0,1,0,0,0,0,0,0,0,0
Please Give,0,0,0,0,0,0,0,0,0,0,0,0,1,0,0,0,0,0,0,0,0
The Runaways,0,0,0,0,0,0,1,0,0,0,0,0,0,0,0,0,0,0,0,0,0
You Will Meet a Tall Dark Stranger,0,0,0,0,0,0,0,0,0,0,0,0,1,0,0,0,0,0,0,0,0
Another Year,0,0,0,0,0,0,0,0,0,0,0,0,1,0,0,0,0,0,0,0,0
Chloe,0,0,0,0,0,0,0,0,0,0,0,0,1,0,0,0,0,0,0,0,0
Letters to God,0,0,0,0,0,0,1,0,0,0,0,0,0,0,0,0,0,0,0,0,0
N-Secure,0,0,0,0,0,0,1,0,0,0,0,0,0,0,0,0,0,0,0,0,0
Never Let Me Go,0,0,0,1,0,0,0,0,0,0,0,0,0,0,0,0,0,0,0,0,0
The Illusionist,0,0,0,0,0,0,0,0,0,0,0,0,1,0,0,0,0,0,0,0,0
Rabbit Hole,0,0,0,0,1,0,0,0,0,0,0,0,0,0,0,0,0,0,0,0,0
A Prophet,0,0,0,0,0,0,0,0,0,0,0,0,1,0,0,0,0,0,0,0,0
I Love You Phillip Morris,0,0,0,0,0,0,0,0,0,1,0,0,0,0,0,0,0,0,0,0,0
Harry Brown,0,0,0,0,0,0,1,0,0,0,0,0,0,0,0,0,0,0,0,0,0
Stone,0,0,0,0,0,0,1,0,0,0,0,0,0,0,0,0,0,0,0,0,0
Somewhere,0,0,1,0,0,0,0,0,0,0,0,0,0,0,0,0,0,0,0,0,0
Flipped,0,0,0,0,0,0,0,0,0,0,0,0,0,0,0,0,0,0,0,0,1
The Joneses,0,0,0,0,0,0,0,0,0,1,0,0,0,0,0,0,0,0,0,0,0
Micmacs,0,0,0,0,0,0,0,0,0,0,0,0,1,0,0,0,0,0,0,0,0
Mother and Child,0,0,0,0,0,0,0,0,0,0,0,0,1,0,0,0,0,0,0,0,0
Casino Jack,0,0,0,0,0,0,1,0,0,0,0,0,0,0,0,0,0,0,0,0,0
Princess Kaiulani,0,0,0,0,0,0,0,0,0,1,0,0,0,0,0,0,0,0,0,0,0
Transformers: Dark of the Moon,1,0,0,0,0,0,0,0,0,0,0,0,0,0,0,0,0,0,0,0,0
The Twilight Saga: Breaking Dawn - Part 1,0,0,0,0,0,0,0,0,0,0,0,0,0,0,1,0,0,0,0,0,0
The Hangover Part II,0,0,0,0,0,0,0,0,0,0,0,0,0,0,0,0,0,0,0,0,1
Pirates of the Caribbean: On Stranger Tides,0,0,0,0,0,0,0,0,0,0,0,0,0,0,0,0,0,0,0,1,0
Fast Five,0,0,0,0,0,0,0,0,0,0,0,0,0,0,0,0,0,0,1,0,0
Mission: Impossible - Ghost Protocol,0,0,0,0,0,0,0,1,0,0,0,0,0,0,0,0,0,0,0,0,0
Cars 2,0,0,0,0,0,0,0,0,0,0,0,0,0,0,0,0,0,0,0,1,0
Thor,0,0,0,0,0,0,0,1,0,0,0,0,0,0,0,0,0,0,0,0,0
Rise of the Planet of the Apes,0,0,0,0,0,0,0,0,0,0,0,0,0,0,0,0,0,1,0,0,0
Captain America: The First Avenger,0,0,0,0,0,0,0,1,0,0,0,0,0,0,0,0,0,0,0,0,0
The Help,0,0,0,0,0,0,0,0,0,0,0,0,0,0,0,0,0,0,0,1,0
Bridesmaids,0,0,0,0,0,0,0,0,0,0,0,0,0,0,0,0,0,0,1,0,0
Kung Fu Panda 2,1,0,0,0,0,0,0,0,0,0,0,0,0,0,0,0,0,0,0,0,0
Puss in Boots,1,0,0,0,0,0,0,0,0,0,0,0,0,0,0,0,0,0,0,0,0
X-Men: First Class,0,0,0,0,0,0,0,0,0,0,0,0,0,0,0,0,0,1,0,0,0
Rio,0,0,0,0,0,0,0,0,0,0,0,0,0,0,0,0,0,1,0,0,0
The Smurfs,0,0,0,0,0,0,0,0,0,0,0,0,0,1,0,0,0,0,0,0,0
Alvin and the Chipmunks: Chipwrecked,0,0,0,0,0,0,0,0,0,0,0,0,0,0,0,0,0,1,0,0,0
Super 8,0,0,0,0,0,0,0,1,0,0,0,0,0,0,0,0,0,0,0,0,0
Rango,0,0,0,0,0,0,0,1,0,0,0,0,0,0,0,0,0,0,0,0,0
Horrible Bosses,0,0,0,0,0,0,0,0,0,0,0,0,0,0,0,0,0,0,0,0,1
Green Lantern,0,0,0,0,0,0,0,0,0,0,0,0,0,0,0,0,0,0,0,0,1
Hop,0,0,0,0,0,0,0,0,0,0,0,0,0,0,0,0,0,0,1,0,0
Paranormal Activity 3,0,0,0,0,0,0,0,1,0,0,0,0,0,0,0,0,0,0,0,0,0
Just Go with It,0,0,0,0,0,0,0,0,0,0,0,0,0,1,0,0,0,0,0,0,0
The Girl with the Dragon Tattoo,0,0,0,0,0,0,0,0,0,0,0,0,0,1,0,0,0,0,0,0,0
Bad Teacher,0,0,0,0,0,0,0,0,0,0,0,0,0,1,0,0,0,0,0,0,0
Cowboys & Aliens,0,0,0,0,0,0,0,0,0,0,0,0,0,0,0,0,0,0,1,0,0
The Green Hornet,0,0,0,0,0,0,0,0,0,0,0,0,0,1,0,0,0,0,0,0,0
The Lion King 2011 3D Release,0,0,0,0,0,0,0,0,0,0,0,0,0,0,0,0,0,0,0,1,0
"Crazy, Stupid, Love.",0,0,0,0,0,0,0,0,0,0,0,0,0,0,0,0,0,0,0,0,1
Battle Los Angeles,0,0,0,0,0,0,0,0,0,0,0,0,0,1,0,0,0,0,0,0,0
Immortals,0,0,0,0,0,0,0,0,1,0,0,0,0,0,0,0,0,0,0,0,0
Zookeeper,0,0,0,0,0,0,0,0,0,0,0,0,0,1,0,0,0,0,0,0,0
War Horse,0,0,0,0,0,0,0,0,0,0,0,0,0,0,0,0,0,0,0,1,0
Limitless,0,0,0,0,0,0,0,0,1,0,0,0,0,0,0,0,0,0,0,0,0
Tower Heist,0,0,0,0,0,0,0,0,0,0,0,0,0,0,0,0,0,0,1,0,0
Contagion,0,0,0,0,0,0,0,0,0,0,0,0,0,0,0,0,0,0,0,0,1
Moneyball,0,0,0,0,0,0,0,0,0,0,0,0,0,1,0,0,0,0,0,0,0
Jack and Jill,0,0,0,0,0,0,0,0,0,0,0,0,0,1,0,0,0,0,0,0,0
Dolphin Tale,0,0,0,0,0,0,0,0,0,0,0,0,0,0,0,0,0,0,0,0,1
No Strings Attached,0,0,0,0,0,0,0,1,0,0,0,0,0,0,0,0,0,0,0,0,0
Mr. Popper's Penguins,0,0,0,0,0,0,0,0,0,0,0,0,0,0,0,0,0,1,0,0,0
Unknown,0,0,0,0,0,0,0,0,0,0,0,0,0,0,0,0,0,0,0,0,1
The Adjustment Bureau,0,0,0,0,0,0,0,0,0,0,0,0,0,0,0,0,0,0,1,0,0
Water for Elephants,0,0,0,0,0,0,0,0,0,0,0,0,0,0,0,0,0,1,0,0,0
The Lincoln Lawyer,0,0,0,0,1,0,0,0,0,0,0,0,0,0,0,0,0,0,0,0,0
Midnight in Paris,0,0,0,0,0,0,0,0,0,0,0,0,1,0,0,0,0,0,0,0,0
Friends with Benefits,0,0,0,0,0,0,0,0,0,0,0,1,0,0,0,0,0,0,0,0,0
I Am Number Four,0,0,0,0,0,0,0,0,0,0,0,0,0,0,0,0,0,0,0,1,0
Source Code,0,0,0,0,0,0,0,0,0,0,0,0,0,0,1,0,0,0,0,0,0
New Year's Eve,0,0,0,0,0,0,0,0,0,0,0,0,0,0,0,0,0,0,0,0,1
Insidious,0,1,0,0,0,0,0,0,0,0,0,0,0,0,0,0,0,0,0,0,0
Diary of a Wimpy Kid: Rodrick Rules,0,0,0,0,0,0,0,0,0,0,0,0,0,0,0,0,0,1,0,0,0
Footloose 2011 Re-release,0,0,0,0,0,0,0,1,0,0,0,0,0,0,0,0,0,0,0,0,0
The Dilemma,0,0,0,0,0,0,0,0,0,0,0,0,0,0,0,0,0,0,1,0,0
Hall Pass,0,0,0,0,0,0,0,0,0,0,0,0,0,0,0,0,0,0,0,0,1
The Artist,0,0,0,0,0,0,0,0,0,0,0,0,0,0,0,1,0,0,0,0,0
Soul Surfer,0,0,0,0,0,0,0,0,0,0,0,0,0,0,0,0,1,0,0,0,0
Final Destination 5,0,0,0,0,0,0,0,0,0,0,0,0,0,0,0,0,0,0,0,0,1
Hanna,0,0,1,0,0,0,0,0,0,0,0,0,0,0,0,0,0,0,0,0,0
Something Borrowed,0,0,0,0,0,0,0,0,0,0,0,0,0,0,0,0,0,0,0,0,1
Spy Kids 4-D: All the Time in the World,0,0,0,0,0,0,1,0,0,0,0,0,0,0,0,0,0,0,0,0,0
Scream 4,0,0,0,0,0,0,1,0,0,0,0,0,0,0,0,0,0,0,0,0,0
"Big Mommas: Like Father, Like Son",0,0,0,0,0,0,0,0,0,0,0,0,0,0,0,0,0,1,0,0,0
Red Riding Hood,0,0,0,0,0,0,0,0,0,0,0,0,0,0,0,0,0,0,0,0,1
In Time,0,0,0,0,0,0,0,0,0,0,0,0,0,0,0,0,0,1,0,0,0
Paul,0,0,0,0,0,0,0,0,0,0,0,0,0,0,0,0,0,0,1,0,0
J. Edgar,0,0,0,0,0,0,0,0,0,0,0,0,0,0,0,0,0,0,0,0,1
Jumping the Broom,0,0,0,0,0,0,0,0,0,0,0,0,0,0,0,0,1,0,0,0,0
The Change-Up,0,0,0,0,0,0,0,0,0,0,0,0,0,0,0,0,0,0,1,0,0
30 Minutes or Less,0,0,0,0,0,0,0,0,0,0,0,0,0,1,0,0,0,0,0,0,0
Colombiana,0,0,0,0,0,0,0,0,0,0,0,0,0,0,0,0,1,0,0,0,0
Sucker Punch,0,0,0,0,0,0,0,0,0,0,0,0,0,0,0,0,0,0,0,0,1
Larry Crowne,0,0,0,0,0,0,0,0,0,0,0,0,0,0,0,0,0,0,1,0,0
Drive,0,1,0,0,0,0,0,0,0,0,0,0,0,0,0,0,0,0,0,0,0
A Very Harold & Kumar Christmas,0,0,0,0,0,0,0,0,0,0,0,0,0,0,0,0,0,0,0,0,1
50/50,0,0,0,0,0,0,0,0,0,0,0,0,0,0,1,0,0,0,0,0,0
Courageous,0,0,0,0,0,0,0,0,0,0,0,0,0,0,0,0,1,0,0,0,0
The Rite,0,0,0,0,0,0,0,0,0,0,0,0,0,0,0,0,0,0,0,0,1
Arthur,0,0,0,0,0,0,0,0,0,0,0,0,0,0,0,0,0,0,0,0,1
The Debt,0,0,1,0,0,0,0,0,0,0,0,0,0,0,0,0,0,0,0,0,0
The Sitter,0,0,0,0,0,0,0,0,0,0,0,0,0,0,0,0,0,1,0,0,0
Priest,0,0,0,0,0,0,0,0,0,0,0,1,0,0,0,0,0,0,0,0,0
The Mechanic,0,0,0,0,0,0,0,0,0,0,0,0,0,0,0,0,0,0,0,0,0
Abduction,0,0,0,0,1,0,0,0,0,0,0,0,0,0,0,0,0,0,0,0,0
Beastly,0,0,0,0,0,0,0,0,0,0,0,0,0,0,0,0,0,0,0,0,0
Killer Elite,0,0,0,0,0,1,0,0,0,0,0,0,0,0,0,0,0,0,0,0,0
Season of the Witch,0,0,0,0,0,0,0,0,1,0,0,0,0,0,0,0,0,0,0,0,0
Our Idiot Brother,0,0,0,0,0,0,0,0,0,0,0,0,0,0,0,1,0,0,0,0,0
Don't Be Afraid of the Dark,0,1,0,0,0,0,0,0,0,0,0,0,0,0,0,0,0,0,0,0,0
Sanctum,0,0,0,0,0,0,0,0,0,0,0,0,0,0,0,0,0,0,1,0,0
Monte Carlo,0,0,0,0,0,0,0,0,0,0,0,0,0,0,0,0,0,1,0,0,0
Your Highness,0,0,0,0,0,0,0,0,0,0,0,0,0,0,0,0,0,0,1,0,0
The Darkest Hour,0,0,0,0,0,0,0,0,0,0,0,0,0,0,1,0,0,0,0,0,0
Mars Needs Moms,0,0,0,0,0,0,0,0,0,0,0,0,0,0,0,0,0,0,0,1,0
Dream House,0,0,0,0,0,0,0,0,0,0,0,0,0,0,0,0,0,0,1,0,0
Conan the Barbarian,0,0,0,0,1,0,0,0,0,0,0,0,0,0,0,0,0,0,0,0,0
The Three Musketeers,0,0,0,0,0,0,0,0,0,0,0,0,0,0,1,0,0,0,0,0,0
The Eagle,0,0,1,0,0,0,0,0,0,0,0,0,0,0,0,0,0,0,0,0,0
Shark Night,0,0,0,0,0,0,0,0,1,0,0,0,0,0,0,0,0,0,0,0,0
Fright Night,0,0,0,0,0,0,0,0,0,0,0,0,0,0,0,0,0,0,0,1,0
Apollo 18,0,0,0,0,0,0,1,0,0,0,0,0,0,0,0,0,0,0,0,0,0
The Thing,0,0,0,0,0,0,0,0,0,0,0,0,0,0,0,0,0,0,1,0,0
Young Adult,0,0,0,0,0,0,0,1,0,0,0,0,0,0,0,0,0,0,0,0,0
Judy Moody and the Not Bummer Summer,0,0,0,0,0,0,0,0,1,0,0,0,0,0,0,0,0,0,0,0,0
What's Your Number?,0,0,0,0,0,0,0,0,0,0,0,0,0,0,0,0,0,1,0,0,0
One Day,0,0,1,0,0,0,0,0,0,0,0,0,0,0,0,0,0,0,0,0,0
Warrior,0,0,0,0,1,0,0,0,0,0,0,0,0,0,0,0,0,0,0,0,0
The Tree of Life,0,0,0,1,0,0,0,0,0,0,0,0,0,0,0,0,0,0,0,0,0
The Rum Diary,0,1,0,0,0,0,0,0,0,0,0,0,0,0,0,0,0,0,0,0,0
Glee: The 3D Concert Movie,0,0,0,0,0,0,0,0,0,0,0,0,0,0,0,0,0,1,0,0,0
The Conspirator,0,0,0,0,0,0,0,0,0,1,0,0,0,0,0,0,0,0,0,0,0
Straw Dogs,0,0,0,0,0,0,0,0,0,0,0,1,0,0,0,0,0,0,0,0,0
Prom,0,0,0,0,0,0,0,0,0,0,0,0,0,0,0,0,0,0,0,1,0
I Don't Know How She Does It,0,0,0,0,0,0,0,0,0,0,0,0,0,0,0,1,0,0,0,0,0
Johnny English Reborn,0,0,0,0,0,0,0,0,0,0,0,0,0,0,0,0,0,0,1,0,0
The Big Year,0,0,0,0,0,0,0,0,0,0,0,0,0,0,0,0,0,1,0,0,0
Beginners,0,0,1,0,0,0,0,0,0,0,0,0,0,0,0,0,0,0,0,0,0
The Guard,0,0,0,0,0,0,0,0,0,0,0,0,1,0,0,0,0,0,0,0,0
Margin Call,0,0,0,0,0,0,0,0,0,1,0,0,0,0,0,0,0,0,0,0,0
Atlas Shrugged: Part I,0,0,0,0,0,0,1,0,0,0,0,0,0,0,0,0,0,0,0,0,0
Anonymous,0,0,0,0,0,0,0,0,0,0,0,0,0,1,0,0,0,0,0,0,0
The Company Men,0,0,0,0,0,0,0,0,0,0,0,0,0,0,0,1,0,0,0,0,0
Barney's Version,0,0,0,0,0,0,0,0,0,0,0,0,1,0,0,0,0,0,0,0,0
The King's Speech PG-13 Version,0,0,0,0,0,0,0,0,0,0,0,0,0,0,0,1,0,0,0,0,0
Everything Must Go,0,0,0,0,0,0,0,0,0,1,0,0,0,0,0,0,0,0,0,0,0
The Way Back,0,0,0,0,0,0,1,0,0,0,0,0,0,0,0,0,0,0,0,0,0
Bucky Larson: Born to Be a Star,0,0,0,0,0,0,0,0,0,0,0,0,0,1,0,0,0,0,0,0,0
Incendies,0,0,0,0,0,0,0,0,0,0,0,0,1,0,0,0,0,0,0,0,0
The Mighty Macs,0,0,0,0,0,0,1,0,0,0,0,0,0,0,0,0,0,0,0,0,0
A Better Life,0,0,0,0,0,0,0,0,0,0,0,0,0,0,1,0,0,0,0,0,0
Take Shelter,0,0,0,0,0,0,0,0,0,0,0,0,1,0,0,0,0,0,0,0,0
The Devil's Double,0,0,0,0,1,0,0,0,0,0,0,0,0,0,0,0,0,0,0,0,0
Snow Flower and the Secret Fan,0,0,0,1,0,0,0,0,0,0,0,0,0,0,0,0,0,0,0,0,0
The Avengers,0,0,0,0,0,0,0,0,0,0,0,0,0,0,0,0,0,0,0,1,0
The Dark Knight Rises,0,0,0,0,0,0,0,0,0,0,0,0,0,0,0,0,0,0,0,0,1
The Hunger Games,0,0,0,0,1,0,0,0,0,0,0,0,0,0,0,0,0,0,0,0,0
Skyfall,0,0,0,0,0,0,0,0,0,0,0,0,0,1,0,0,0,0,0,0,0
The Twilight Saga: Breaking Dawn - Part 2,0,0,0,0,1,0,0,0,0,0,0,0,0,0,0,0,0,0,0,0,0
The Amazing Spider-Man,0,0,0,0,0,0,0,0,0,0,0,0,0,1,0,0,0,0,0,0,0
Brave,0,0,0,0,0,0,0,0,0,0,0,0,0,0,0,0,0,0,0,1,0
Ted,0,0,0,0,0,0,0,0,0,0,0,0,0,0,0,0,0,0,1,0,0
Madagascar 3: Europe's Most Wanted,1,0,0,0,0,0,0,0,0,0,0,0,0,0,0,0,0,0,0,0,0
The Lorax,0,0,0,0,0,0,0,0,0,0,0,0,0,0,0,0,0,0,1,0,0
Wreck-It Ralph,0,0,0,0,0,0,0,0,0,0,0,0,0,0,0,0,0,0,0,1,0
Lincoln,0,0,0,0,0,0,0,0,0,0,0,0,0,0,0,0,0,0,0,1,0
Men in Black 3,0,0,0,0,0,0,0,0,0,0,0,0,0,1,0,0,0,0,0,0,0
Django Unchained,0,0,0,0,0,0,0,0,0,0,0,0,0,0,0,1,0,0,0,0,0
Ice Age: Continental Drift,0,0,0,0,0,0,0,0,0,0,0,0,0,0,0,0,0,1,0,0,0
Snow White and the Huntsman,0,0,0,0,0,0,0,0,0,0,0,0,0,0,0,0,0,0,1,0,0
Les Misérables,0,0,0,0,0,0,0,0,0,0,0,0,0,0,0,0,0,0,1,0,0
Hotel Transylvania,0,0,0,0,0,0,0,0,0,0,0,0,0,1,0,0,0,0,0,0,0
Taken 2,0,0,0,0,0,0,0,0,0,0,0,0,0,0,0,0,0,1,0,0,0
21 Jump Street,0,0,0,0,0,0,0,0,0,0,0,0,0,1,0,0,0,0,0,0,0
Silver Linings Playbook,0,0,0,0,0,0,0,0,0,0,0,0,0,0,0,1,0,0,0,0,0
Prometheus,0,0,0,0,0,0,0,0,0,0,0,0,0,0,0,0,0,1,0,0,0
Safe House,0,0,0,0,0,0,0,0,0,0,0,0,0,0,0,0,0,0,1,0,0
The Vow,0,0,0,0,0,0,0,0,0,0,0,1,0,0,0,0,0,0,0,0,0
Life of Pi,0,0,0,0,0,0,0,0,0,0,0,0,0,0,0,0,0,1,0,0,0
Magic Mike,0,0,0,0,0,0,0,0,0,0,0,0,0,0,0,0,0,0,0,0,1
The Bourne Legacy,0,0,0,0,0,0,0,0,0,0,0,0,0,0,0,0,0,0,1,0,0
Journey 2: The Mysterious Island,0,0,0,0,0,0,0,0,0,0,0,0,0,0,0,0,0,0,0,0,1
Rise of the Guardians,1,0,0,0,0,0,0,0,0,0,0,0,0,0,0,0,0,0,0,0,0
Zero Dark Thirty,0,0,0,0,0,0,0,0,0,0,0,0,0,1,0,0,0,0,0,0,0
Flight,0,0,0,0,0,0,0,1,0,0,0,0,0,0,0,0,0,0,0,0,0
Think Like a Man,0,0,0,0,0,0,0,0,0,0,0,1,0,0,0,0,0,0,0,0,0
The Expendables 2,0,0,0,0,1,0,0,0,0,0,0,0,0,0,0,0,0,0,0,0,0
Wrath of the Titans,0,0,0,0,0,0,0,0,0,0,0,0,0,0,0,0,0,0,0,0,1
Jack Reacher,0,0,0,0,0,0,0,1,0,0,0,0,0,0,0,0,0,0,0,0,0
Dark Shadows,0,0,0,0,0,0,0,0,0,0,0,0,0,0,0,0,0,0,0,0,1
Parental Guidance,0,0,0,0,0,0,0,0,0,0,0,0,0,0,0,0,0,1,0,0,0
John Carter,0,0,0,0,0,0,0,0,0,0,0,0,0,0,0,0,0,0,0,1,0
Act of Valor,0,0,0,0,0,0,0,0,1,0,0,0,0,0,0,0,0,0,0,0,0
This Is 40,0,0,0,0,0,0,0,0,0,0,0,0,0,0,0,0,0,0,1,0,0
Contraband,0,0,0,0,0,0,0,0,0,0,0,0,0,0,0,0,0,0,1,0,0
Looper,0,0,0,0,0,0,0,0,0,0,0,0,0,0,0,0,1,0,0,0,0
Madea's Witness Protection,0,0,0,0,1,0,0,0,0,0,0,0,0,0,0,0,0,0,0,0,0
Battleship,0,0,0,0,0,0,0,0,0,0,0,0,0,0,0,0,0,0,1,0,0
Pitch Perfect,0,0,0,0,0,0,0,0,0,0,0,0,0,0,0,0,0,0,1,0,0
Mirror Mirror,0,0,0,0,0,0,0,0,1,0,0,0,0,0,0,0,0,0,0,0,0
Chronicle,0,0,0,0,0,0,0,0,0,0,0,0,0,0,0,0,0,1,0,0,0
Underworld: Awakening,0,0,0,0,0,0,0,0,0,0,0,1,0,0,0,0,0,0,0,0,0
The Dictator,0,0,0,0,0,0,0,1,0,0,0,0,0,0,0,0,0,0,0,0,0
Total Recall,0,0,0,0,0,0,0,0,0,0,0,0,0,1,0,0,0,0,0,0,0
Titanic 2012 3D Release,0,0,0,0,0,0,0,1,0,0,0,0,0,0,0,0,0,0,0,0,0
American Reunion,0,0,0,0,0,0,0,0,0,0,0,0,0,0,0,0,0,0,1,0,0
ParaNorman,0,0,1,0,0,0,0,0,0,0,0,0,0,0,0,0,0,0,0,0,0
This Means War,0,0,0,0,0,0,0,0,0,0,0,0,0,0,0,0,0,1,0,0,0
Paranormal Activity 4,0,0,0,0,0,0,0,1,0,0,0,0,0,0,0,0,0,0,0,0,0
The Devil Inside,0,0,0,0,0,0,0,1,0,0,0,0,0,0,0,0,0,0,0,0,0
Ghost Rider: Spirit of Vengeance,0,0,0,0,0,0,0,0,0,0,0,0,0,1,0,0,0,0,0,0,0
The Grey,0,0,0,0,0,1,0,0,0,0,0,0,0,0,0,0,0,0,0,0,0
Red Tails,0,0,0,0,0,0,0,0,0,0,0,0,0,0,0,0,0,1,0,0,0
The Possession,0,0,0,0,1,0,0,0,0,0,0,0,0,0,0,0,0,0,0,0,0
Diary of a Wimpy Kid: Dog Days,0,0,0,0,0,0,0,0,0,0,0,0,0,0,0,0,0,1,0,0,0
Sinister,0,0,0,0,1,0,0,0,0,0,0,0,0,0,0,0,0,0,0,0,0
Savages,0,0,0,0,0,0,0,0,0,0,0,0,0,0,0,0,0,0,1,0,0
The Best Exotic Marigold Hotel,0,0,0,1,0,0,0,0,0,0,0,0,0,0,0,0,0,0,0,0,0
Moonrise Kingdom,0,0,1,0,0,0,0,0,0,0,0,0,0,0,0,0,0,0,0,0,0
Red Dawn,0,1,0,0,0,0,0,0,0,0,0,0,0,0,0,0,0,0,0,0,0
The Three Stooges,0,0,0,0,0,0,0,0,0,0,0,0,0,0,0,0,0,1,0,0,0
Star Wars: Episode I - The Phantom Menace 2012 3D Release,0,0,0,0,0,0,0,0,0,0,0,0,0,0,0,0,0,1,0,0,0
Resident Evil: Retribution,0,0,0,0,0,0,0,0,0,0,0,1,0,0,0,0,0,0,0,0,0
What to Expect When You're Expecting,0,0,0,0,1,0,0,0,0,0,0,0,0,0,0,0,0,0,0,0,0
End of Watch,0,0,0,0,0,1,0,0,0,0,0,0,0,0,0,0,0,0,0,0,0
Rock of Ages,0,0,0,0,0,0,0,0,0,0,0,0,0,0,0,0,0,0,0,0,1
Abraham Lincoln: Vampire Hunter,0,0,0,0,0,0,0,0,0,0,0,0,0,0,0,0,0,1,0,0,0
The Guilt Trip,0,0,0,0,0,0,0,1,0,0,0,0,0,0,0,0,0,0,0,0,0
That's My Boy,0,0,0,0,0,0,0,0,0,0,0,0,0,1,0,0,0,0,0,0,0
The Watch,0,0,0,0,0,0,0,0,0,0,0,0,0,0,0,0,0,1,0,0,0
Frankenweenie,0,0,0,0,0,0,0,0,0,0,0,0,0,0,0,0,0,0,0,1,0
Step Up Revolution,0,0,0,0,1,0,0,0,0,0,0,0,0,0,0,0,0,0,0,0,0
"Monsters, Inc. 2012 3D Release",0,0,0,0,0,0,0,0,0,0,0,0,0,0,0,0,0,0,0,1,0
House at the End of the Street,0,0,0,0,0,0,0,0,1,0,0,0,0,0,0,0,0,0,0,0,0
The Pirates! Band of Misfits,0,0,0,0,0,0,0,0,0,0,0,0,0,1,0,0,0,0,0,0,0
The Five-Year Engagement,0,0,0,0,0,0,0,0,0,0,0,0,0,0,0,0,0,0,1,0,0
One for the Money,0,0,0,0,1,0,0,0,0,0,0,0,0,0,0,0,0,0,0,0,0
Alex Cross,0,0,0,0,1,0,0,0,0,0,0,0,0,0,0,0,0,0,0,0,0
Part of Me,0,0,0,0,0,0,0,1,0,0,0,0,0,0,0,0,0,0,0,0,0
Sparkle,0,0,0,0,0,0,0,0,0,0,0,0,0,0,0,0,1,0,0,0,0
Premium Rush,0,0,0,0,0,0,0,0,0,0,0,0,0,1,0,0,0,0,0,0,0
Big Miracle,0,0,0,0,0,0,0,0,0,0,0,0,0,0,0,0,0,0,1,0,0
Haywire,0,0,0,0,0,0,0,0,1,0,0,0,0,0,0,0,0,0,0,0,0
Man on a Ledge,0,0,0,0,1,0,0,0,0,0,0,0,0,0,0,0,0,0,0,0,0
A Thousand Words,1,0,0,0,0,0,0,0,0,0,0,0,0,0,0,0,0,0,0,0,0
Silent Hill: Revelation,0,0,0,0,0,1,0,0,0,0,0,0,0,0,0,0,0,0,0,0,0
The Raven,0,0,0,0,0,0,0,0,1,0,0,0,0,0,0,0,0,0,0,0,0
The Man with the Iron Fists,0,0,0,0,0,0,0,0,0,0,0,0,0,0,0,0,0,0,1,0,0
Killing Them Softly,0,0,0,0,0,0,0,0,0,0,0,0,0,0,0,1,0,0,0,0,0
Seven Psychopaths,0,0,0,0,0,0,0,0,0,0,0,0,0,0,0,0,0,0,0,0,0
Lockout,0,1,0,0,0,0,0,0,0,0,0,0,0,0,0,0,0,0,0,0,0
Hit and Run,0,0,0,0,0,1,0,0,0,0,0,0,0,0,0,0,0,0,0,0,0
Dredd,0,0,0,0,1,0,0,0,0,0,0,0,0,0,0,0,0,0,0,0,0
People Like Us,0,0,0,0,0,0,0,0,0,0,0,0,0,0,0,0,0,0,0,1,0
The Words,0,0,0,0,0,0,0,0,0,0,0,0,0,0,0,0,0,0,0,0,0
Fun Size,0,0,0,0,0,0,0,1,0,0,0,0,0,0,0,0,0,0,0,0,0
Seeking a Friend for the End of the World,0,0,1,0,0,0,0,0,0,0,0,0,0,0,0,0,0,0,0,0,0
Amour,0,0,0,0,0,0,0,0,0,0,0,0,1,0,0,0,0,0,0,0,0
Chasing Mavericks,0,0,0,0,0,0,0,0,0,0,0,0,0,0,0,0,0,1,0,0,0
The Apparition,0,0,0,0,0,0,0,0,0,0,0,0,0,0,0,0,0,0,0,0,1
Indiana Jones and the Raiders of the Lost Ark 2012 IMAX Release,0,0,0,0,0,0,0,1,0,0,0,0,0,0,0,0,0,0,0,0,0
The Hunger Games: Catching Fire,0,0,0,0,1,0,0,0,0,0,0,0,0,0,0,0,0,0,0,0,0
Iron Man 3,0,0,0,0,0,0,0,0,0,0,0,0,0,0,0,0,0,0,0,1,0
Frozen,0,0,0,0,0,0,0,0,0,0,0,0,0,0,0,0,0,0,0,1,0
Despicable Me 2,0,0,0,0,0,0,0,0,0,0,0,0,0,0,0,0,0,0,1,0,0
Man of Steel,0,0,0,0,0,0,0,0,0,0,0,0,0,0,0,0,0,0,0,0,1
Gravity,0,0,0,0,0,0,0,0,0,0,0,0,0,0,0,0,0,0,0,0,1
Fast & Furious 6,0,0,0,0,0,0,0,0,0,0,0,0,0,0,0,0,0,0,1,0,0
Oz the Great and Powerful,0,0,0,0,0,0,0,0,0,0,0,0,0,0,0,0,0,0,0,1,0
Star Trek Into Darkness,0,0,0,0,0,0,0,1,0,0,0,0,0,0,0,0,0,0,0,0,0
Thor: The Dark World,0,0,0,0,0,0,0,0,0,0,0,0,0,0,0,0,0,0,0,1,0
World War Z,0,0,0,0,0,0,0,1,0,0,0,0,0,0,0,0,0,0,0,0,0
The Croods,0,0,0,0,0,0,0,0,0,0,0,0,0,0,0,0,0,1,0,0,0
The Heat,0,0,0,0,0,0,0,0,0,0,0,0,0,0,0,0,0,1,0,0,0
We're the Millers,0,0,0,0,0,0,0,0,0,0,0,0,0,0,0,0,0,0,0,0,1
American Hustle,0,0,0,0,0,0,0,0,0,0,0,0,0,1,0,0,0,0,0,0,0
The Great Gatsby,0,0,0,0,0,0,0,0,0,0,0,0,0,0,0,0,0,0,0,0,1
The Conjuring,0,0,0,0,0,0,0,0,0,0,0,0,0,0,0,0,0,0,0,0,1
Identity Thief,0,0,0,0,0,0,0,0,0,0,0,0,0,0,0,0,0,0,1,0,0
Grown Ups 2,0,0,0,0,0,0,0,0,0,0,0,0,0,1,0,0,0,0,0,0,0
The Wolverine,0,0,0,0,0,0,0,0,0,0,0,0,0,0,0,0,0,1,0,0,0
Anchorman 2: The Legend Continues,0,0,0,0,0,0,0,1,0,0,0,0,0,0,0,0,0,0,0,0,0
Lone Survivor,0,0,0,0,0,0,0,0,0,0,0,0,0,0,0,0,0,0,1,0,0
G.I. Joe: Retaliation,0,0,0,0,0,0,0,1,0,0,0,0,0,0,0,0,0,0,0,0,0
Cloudy with a Chance of Meatballs 2,0,0,0,0,0,0,0,0,0,0,0,0,0,1,0,0,0,0,0,0,0
Now You See Me,0,0,0,0,1,0,0,0,0,0,0,0,0,0,0,0,0,0,0,0,0
Lee Daniels' The Butler,0,0,0,0,0,0,0,0,0,0,0,0,0,0,0,1,0,0,0,0,0
The Hangover Part III,0,0,0,0,0,0,0,0,0,0,0,0,0,0,0,0,0,0,0,0,1
Epic,0,0,0,0,0,0,0,0,0,0,0,0,0,0,0,0,0,1,0,0,0
Captain Phillips,0,0,0,0,0,0,0,0,0,0,0,0,0,1,0,0,0,0,0,0,0
Bad Grandpa,0,0,0,0,0,0,0,1,0,0,0,0,0,0,0,0,0,0,0,0,0
Pacific Rim,0,0,0,0,0,0,0,0,0,0,0,0,0,0,0,0,0,0,0,0,1
This Is the End,0,0,0,0,0,0,0,0,0,0,0,0,0,1,0,0,0,0,0,0,0
Olympus Has Fallen,0,1,0,0,0,0,0,0,0,0,0,0,0,0,0,0,0,0,0,0,0
42,0,0,0,0,0,0,0,0,0,0,0,0,0,0,0,0,0,0,0,0,1
Elysium,0,0,0,0,0,0,0,0,0,0,0,0,0,0,0,0,1,0,0,0,0
Planes,0,0,0,0,0,0,0,0,0,0,0,0,0,0,0,0,0,0,0,1,0
The Lone Ranger,0,0,0,0,0,0,0,0,0,0,0,0,0,0,0,0,0,0,0,1,0
Oblivion,0,0,0,0,0,0,0,0,0,0,0,0,0,0,0,0,0,0,1,0,0
Insidious: Chapter 2,0,1,0,0,0,0,0,0,0,0,0,0,0,0,0,0,0,0,0,0,0
Saving Mr. Banks,0,0,0,0,0,0,0,0,0,0,0,0,0,0,0,0,0,0,0,1,0
Turbo,0,0,0,0,0,0,0,0,0,0,0,0,0,0,0,0,0,1,0,0,0
2 Guns,0,0,0,0,0,0,0,0,0,0,0,0,0,0,0,0,0,0,1,0,0
White House Down,0,0,0,0,0,0,0,0,0,0,0,0,0,1,0,0,0,0,0,0,0
Mama,0,0,0,0,0,0,0,0,0,0,0,0,0,0,0,0,0,0,1,0,0
Safe Haven,0,0,0,0,0,0,0,0,1,0,0,0,0,0,0,0,0,0,0,0,0
The Smurfs 2,0,0,0,0,0,0,0,0,0,0,0,0,0,1,0,0,0,0,0,0,0
The Best Man Holiday,0,0,0,0,0,0,0,0,0,0,0,0,0,0,0,0,0,0,1,0,0
Percy Jackson: Sea of Monsters,0,0,0,0,0,0,0,0,0,0,0,0,0,0,0,0,0,1,0,0,0
A Good Day to Die Hard,0,0,0,0,0,0,0,0,0,0,0,0,0,0,0,0,0,1,0,0,0
Warm Bodies,0,0,0,0,1,0,0,0,0,0,0,0,0,0,0,0,0,0,0,0,0
Jack the Giant Slayer,0,0,0,0,0,0,0,0,0,0,0,0,0,0,0,0,0,0,0,0,1
The Purge,0,0,0,0,0,0,0,0,0,0,0,0,0,0,0,0,0,0,1,0,0
Last Vegas,0,0,0,0,0,0,0,0,0,0,0,0,0,0,0,0,0,0,0,0,0
Ender's Game,0,0,0,0,1,0,0,0,0,0,0,0,0,0,0,0,0,0,0,0,0
Prisoners,0,0,0,0,0,0,0,0,0,0,0,0,0,0,0,0,0,0,0,0,1
After Earth,0,0,0,0,0,0,0,0,0,0,0,0,0,1,0,0,0,0,0,0,0
The Secret Life of Walter Mitty,0,0,0,0,0,0,0,0,0,0,0,0,0,0,0,0,0,1,0,0,0
Escape from Planet Earth,0,0,0,0,0,0,0,0,0,0,0,0,0,0,0,1,0,0,0,0,0
12 Years a Slave,0,0,0,1,0,0,0,0,0,0,0,0,0,0,0,0,0,0,0,0,0
Free Birds,0,0,0,0,0,0,0,0,1,0,0,0,0,0,0,0,0,0,0,0,0
Hansel & Gretel: Witch Hunters,0,0,0,0,0,0,0,1,0,0,0,0,0,0,0,0,0,0,0,0,0
Evil Dead,0,0,0,0,0,0,0,0,0,0,0,0,0,0,0,0,1,0,0,0,0
RED 2,0,0,0,0,1,0,0,0,0,0,0,0,0,0,0,0,0,0,0,0,0
The Call,0,0,0,0,0,0,0,0,0,0,0,0,0,0,0,0,1,0,0,0,0
Pain & Gain,0,0,0,0,0,0,0,1,0,0,0,0,0,0,0,0,0,0,0,0,0
Gangster Squad,0,0,0,0,0,0,0,0,0,0,0,0,0,0,0,0,0,0,0,0,1
Jurassic Park 2013 Re-release,0,0,0,0,0,0,0,0,0,0,0,0,0,0,0,0,0,0,1,0,0
The Internship,0,0,0,0,0,0,0,0,0,0,0,0,0,0,0,0,0,1,0,0,0
Riddick,0,0,0,0,0,0,0,0,0,0,0,0,0,0,0,0,0,0,1,0,0
A Haunted House,0,0,0,0,0,1,0,0,0,0,0,0,0,0,0,0,0,0,0,0,0
47 Ronin,0,0,0,0,0,0,0,0,0,0,0,0,0,0,0,0,0,0,1,0,0
Philomena,0,0,0,0,0,0,0,0,0,0,0,0,0,0,0,1,0,0,0,0,0
The Family,0,0,0,0,0,0,0,0,1,0,0,0,0,0,0,0,0,0,0,0,0
Walking with Dinosaurs 3D,0,0,0,0,0,0,0,0,0,0,0,0,0,0,0,0,0,1,0,0,0
Carrie,0,0,0,0,0,0,0,0,0,0,0,1,0,0,0,0,0,0,0,0,0
R.I.P.D.,0,0,0,0,0,0,0,0,0,0,0,0,0,0,0,0,0,0,1,0,0
Scary Movie V,0,0,0,0,0,0,1,0,0,0,0,0,0,0,0,0,0,0,0,0,0
The Mortal Instruments: City of Bones,0,0,0,0,0,0,0,0,0,0,0,1,0,0,0,0,0,0,0,0,0
Delivery Man,0,0,0,0,0,0,0,0,0,0,0,0,0,0,0,0,0,0,0,1,0
Grudge Match,0,0,0,0,0,0,0,0,0,0,0,0,0,0,0,0,0,0,0,0,1
One Direction: This Is Us,0,0,0,0,0,0,0,0,0,0,0,0,0,0,0,0,1,0,0,0,0
Kick-Ass 2,0,0,0,0,0,0,0,0,0,0,0,0,0,0,0,0,0,0,1,0,0
Dallas Buyers Club,0,0,1,0,0,0,0,0,0,0,0,0,0,0,0,0,0,0,0,0,0
Rush,0,0,0,0,0,0,0,0,0,0,0,0,0,0,0,0,0,0,1,0,0
The Host,0,0,0,0,0,1,0,0,0,0,0,0,0,0,0,0,0,0,0,0,0
The World's End,0,0,1,0,0,0,0,0,0,0,0,0,0,0,0,0,0,0,0,0,0
21 & Over,0,0,0,0,0,0,0,0,1,0,0,0,0,0,0,0,0,0,0,0,0
Her,0,0,0,0,0,0,0,0,0,0,0,0,0,0,0,0,0,0,0,0,1
Don Jon,0,0,0,0,0,0,0,0,1,0,0,0,0,0,0,0,0,0,0,0,0
The Incredible Burt Wonderstone,0,0,0,0,0,0,0,0,0,0,0,0,0,0,0,0,0,0,0,0,1
The Big Wedding,0,0,0,0,1,0,0,0,0,0,0,0,0,0,0,0,0,0,0,0,0
The Place Beyond the Pines,0,0,1,0,0,0,0,0,0,0,0,0,0,0,0,0,0,0,0,0,0
Homefront,0,0,0,0,0,1,0,0,0,0,0,0,0,0,0,0,0,0,0,0,0
Broken City,0,0,0,0,0,0,0,0,0,0,0,0,0,0,0,0,0,1,0,0,0
Beautiful Creatures,0,0,0,0,0,0,0,0,0,0,0,0,0,0,0,0,0,0,0,0,1
Runner Runner,0,0,0,0,0,0,0,0,0,0,0,0,0,0,0,0,0,1,0,0,0
Admission,0,0,1,0,0,0,0,0,0,0,0,0,0,0,0,0,0,0,0,0,0
Nebraska,0,0,0,0,0,0,0,1,0,0,0,0,0,0,0,0,0,0,0,0,0
Parker,0,1,0,0,0,0,0,0,0,0,0,0,0,0,0,0,0,0,0,0,0
Dark Skies,0,0,0,0,0,0,1,0,0,0,0,0,0,0,0,0,0,0,0,0,0
The Counselor,0,0,0,0,0,0,0,0,0,0,0,0,0,0,0,0,0,1,0,0,0
Jobs,0,0,0,0,0,1,0,0,0,0,0,0,0,0,0,0,0,0,0,0,0
The Last Exorcism Part II,0,0,0,0,0,0,0,0,0,0,0,0,0,0,0,0,0,0,0,0,0
Spring Breakers,0,0,0,0,0,0,1,0,0,0,0,0,0,0,0,0,0,0,0,0,0
The Last Stand,0,0,0,0,1,0,0,0,0,0,0,0,0,0,0,0,0,0,0,0,0
Out of the Furnace,0,0,0,0,0,0,0,0,1,0,0,0,0,0,0,0,0,0,0,0,0
Getaway,0,0,0,0,0,0,0,0,0,0,0,0,0,0,0,0,0,0,0,0,1
Peeples,0,0,0,0,1,0,0,0,0,0,0,0,0,0,0,0,0,0,0,0,0
Battle of the Year,0,0,0,0,0,0,0,0,0,0,0,1,0,0,0,0,0,0,0,0,0
Movie 43,0,0,0,0,0,0,0,0,1,0,0,0,0,0,0,0,0,0,0,0,0
Paranoia,0,0,0,0,0,0,0,0,1,0,0,0,0,0,0,0,0,0,0,0,0
Black Nativity,0,0,0,1,0,0,0,0,0,0,0,0,0,0,0,0,0,0,0,0,0
Justin Bieber's Believe,0,0,0,0,0,1,0,0,0,0,0,0,0,0,0,0,0,0,0,0,0
The Wizard of Oz 2013 3D/IMAX Release,0,0,0,0,0,0,0,0,0,0,0,0,0,0,0,0,0,0,0,0,1
The To Do List,0,0,0,0,0,0,0,0,0,0,0,0,0,0,0,0,0,0,0,0,0
Metallica Through the Never,0,0,0,0,0,0,1,0,0,0,0,0,0,0,0,0,0,0,0,0,0
The Fifth Estate,0,0,0,0,0,0,0,0,0,0,0,0,0,0,0,0,0,0,0,1,0
Filly Brown,0,0,0,0,1,0,0,0,0,0,0,0,0,0,0,0,0,0,0,0,0
Trance,0,0,0,1,0,0,0,0,0,0,0,0,0,0,0,0,0,0,0,0,0
Oldboy,0,1,0,0,0,0,0,0,0,0,0,0,0,0,0,0,0,0,0,0,0
Stoker,0,0,0,1,0,0,0,0,0,0,0,0,0,0,0,0,0,0,0,0,0
American Sniper,0,0,0,0,0,0,0,0,0,0,0,0,0,0,0,0,0,0,0,0,1
The Hunger Games: Mockingjay - Part 1,0,0,0,0,1,0,0,0,0,0,0,0,0,0,0,0,0,0,0,0,0
Guardians of the Galaxy,0,0,0,0,0,0,0,0,0,0,0,0,0,0,0,0,0,0,0,1,0
Captain America: The Winter Soldier,0,0,0,0,0,0,0,0,0,0,0,0,0,0,0,0,0,0,0,1,0
The Lego Movie,0,0,0,0,0,0,0,0,0,0,0,0,0,0,0,0,0,0,0,0,1
Transformers: Age of Extinction,0,0,0,0,0,0,0,1,0,0,0,0,0,0,0,0,0,0,0,0,0
Maleficent,0,0,0,0,0,0,0,0,0,0,0,0,0,0,0,0,0,0,0,1,0
X-Men: Days of Future Past,0,0,0,0,0,0,0,0,0,0,0,0,0,0,0,0,0,1,0,0,0
Big Hero 6,0,0,0,0,0,0,0,0,0,0,0,0,0,0,0,0,0,0,0,1,0
Dawn of the Planet of the Apes,0,0,0,0,0,0,0,0,0,0,0,0,0,0,0,0,0,1,0,0,0
Godzilla,0,0,0,0,0,0,0,0,0,0,0,0,0,0,0,0,0,0,0,0,1
22 Jump Street,0,0,0,0,0,0,0,0,0,0,0,0,0,1,0,0,0,0,0,0,0
Teenage Mutant Ninja Turtles,0,0,0,0,0,0,0,1,0,0,0,0,0,0,0,0,0,0,0,0,0
Interstellar,0,0,0,0,0,0,0,1,0,0,0,0,0,0,0,0,0,0,0,0,0
How to Train Your Dragon 2,0,0,0,0,0,0,0,0,0,0,0,0,0,0,0,0,0,1,0,0,0
Gone Girl,0,0,0,0,0,0,0,0,0,0,0,0,0,0,0,0,0,1,0,0,0
Divergent,0,0,0,0,1,0,0,0,0,0,0,0,0,0,0,0,0,0,0,0,0
Neighbors,0,0,0,0,0,0,0,0,0,0,0,0,0,0,0,0,0,0,1,0,0
Ride Along,0,0,0,0,0,0,0,0,0,0,0,0,0,0,0,0,0,0,1,0,0
Rio 2,0,0,0,0,0,0,0,0,0,0,0,0,0,0,0,0,0,1,0,0,0
Into the Woods,0,0,0,0,0,0,0,0,0,0,0,0,0,0,0,0,0,0,0,1,0
Lucy,0,0,0,0,0,0,0,0,0,0,0,0,0,0,0,0,0,0,1,0,0
The Fault in Our Stars,0,0,0,0,0,0,0,0,0,0,0,0,0,0,0,0,0,1,0,0,0
Unbroken,0,0,0,0,0,0,0,0,0,0,0,0,0,0,0,0,0,0,1,0,0
Night at the Museum: Secret of the Tomb,0,0,0,0,0,0,0,0,0,0,0,0,0,0,0,0,0,1,0,0,0
Mr. Peabody & Sherman,0,0,0,0,0,0,0,0,0,0,0,0,0,0,0,0,0,1,0,0,0
300: Rise of an Empire,0,0,0,0,0,0,0,0,0,0,0,0,0,0,0,0,0,0,0,0,1
The Maze Runner,0,0,0,0,0,0,0,0,0,0,0,0,0,0,0,0,0,1,0,0,0
The Equalizer,0,0,0,0,0,0,0,0,0,0,0,0,0,1,0,0,0,0,0,0,0
Noah,0,0,0,0,0,0,0,1,0,0,0,0,0,0,0,0,0,0,0,0,0
Edge of Tomorrow,0,0,0,0,0,0,0,0,0,0,0,0,0,0,0,0,0,0,0,0,1
Non-Stop,0,0,0,0,0,0,0,0,0,0,0,0,0,0,0,0,0,0,1,0,0
Heaven Is for Real,0,0,0,0,0,0,0,0,0,0,0,0,0,0,0,0,1,0,0,0,0
Dumb and Dumber To,0,0,0,0,0,0,0,0,0,0,0,0,0,0,0,0,0,0,1,0,0
Annie,0,0,0,0,0,0,0,0,0,0,0,0,0,1,0,0,0,0,0,0,0
Fury,0,0,0,0,0,0,0,0,0,0,0,0,0,1,0,0,0,0,0,0,0
Tammy,0,0,0,0,0,0,0,0,0,0,0,0,0,0,0,0,0,0,0,0,1
Annabelle,0,0,0,0,0,0,0,0,0,0,0,0,0,0,0,0,0,0,0,0,1
The Other Woman,0,0,0,0,0,0,0,0,0,0,0,0,0,0,0,0,0,1,0,0,0
Penguins of Madagascar,0,0,0,0,0,0,0,0,0,0,0,0,0,0,0,0,0,1,0,0,0
Let's Be Cops,0,0,0,0,0,0,0,0,0,0,0,0,0,0,0,0,0,1,0,0,0
The Monuments Men,0,0,0,0,0,0,0,0,0,0,0,0,0,1,0,0,0,0,0,0,0
Hercules,0,0,0,0,0,0,0,1,0,0,0,0,0,0,0,0,0,0,0,0,0
The Purge: Anarchy,0,0,0,0,0,0,0,0,0,0,0,0,0,0,0,0,0,0,1,0,0
"Alexander and the Terrible, Horrible, No Good, Very Bad Day",0,0,0,0,0,0,0,0,0,0,0,0,0,0,0,0,0,0,0,1,0
Think Like a Man Too,0,0,0,0,0,0,0,0,0,0,0,1,0,0,0,0,0,0,0,0,0
Exodus: Gods and Kings,0,0,0,0,0,0,0,0,0,0,0,0,0,0,0,0,0,1,0,0,0
The Nut Job,0,0,0,0,0,1,0,0,0,0,0,0,0,0,0,0,0,0,0,0,0
God's Not Dead,0,0,0,0,0,0,1,0,0,0,0,0,0,0,0,0,0,0,0,0,0
The Grand Budapest Hotel,0,0,0,1,0,0,0,0,0,0,0,0,0,0,0,0,0,0,0,0,0
Planes: Fire & Rescue,0,0,0,0,0,0,0,0,0,0,0,0,0,0,0,0,0,0,0,1,0
RoboCop,0,0,0,0,0,0,0,0,0,0,0,0,0,1,0,0,0,0,0,0,0
Dracula Untold,0,0,0,0,0,0,0,0,0,0,0,0,0,0,0,0,0,0,1,0,0
Horrible Bosses 2,0,0,0,0,0,0,0,0,0,0,0,0,0,0,0,0,0,0,0,0,1
The Hundred-Foot Journey,0,0,0,0,0,0,0,0,0,0,0,0,0,0,0,0,0,0,0,1,0
No Good Deed,0,0,0,0,0,0,0,0,0,0,0,1,0,0,0,0,0,0,0,0,0
Selma,0,0,0,0,0,0,0,1,0,0,0,0,0,0,0,0,0,0,0,0,0
Muppets Most Wanted,0,0,0,0,0,0,0,0,0,0,0,0,0,0,0,0,0,0,0,1,0
Ouija,0,0,0,0,0,0,0,0,0,0,0,0,0,0,0,0,0,0,1,0,0
The Boxtrolls,0,0,1,0,0,0,0,0,0,0,0,0,0,0,0,0,0,0,0,0,0
Jack Ryan: Shadow Recruit,0,0,0,0,0,0,0,1,0,0,0,0,0,0,0,0,0,0,0,0,0
If I Stay,0,0,0,0,0,0,0,0,0,0,0,0,0,0,0,0,0,0,0,0,1
The Book of Life,0,0,0,0,0,0,0,0,0,0,0,0,0,0,0,0,0,1,0,0,0
About Last Night,0,0,0,0,0,0,0,0,0,0,0,1,0,0,0,0,0,0,0,0,0
Into the Storm,0,0,0,0,0,0,0,0,0,0,0,0,0,0,0,0,0,0,0,0,1
The Judge,0,0,0,0,0,0,0,0,0,0,0,0,0,0,0,0,0,0,0,0,1
Jersey Boys,0,0,0,0,0,0,0,0,0,0,0,0,0,0,0,0,0,0,0,0,1
Blended,0,0,0,0,0,0,0,0,0,0,0,0,0,0,0,0,0,0,0,0,1
The Giver,0,0,0,0,0,0,0,0,0,0,0,0,0,0,0,1,0,0,0,0,0
Need for Speed,0,0,0,0,0,0,0,0,0,0,0,0,0,0,0,0,0,0,0,1,0
A Million Ways to Die in the West,0,0,0,0,0,0,0,0,0,0,0,0,0,0,0,0,0,0,1,0,0
John Wick,0,0,0,0,1,0,0,0,0,0,0,0,0,0,0,0,0,0,0,0,0
Birdman or (The Unexpected Virtue of Ignorance),0,0,0,1,0,0,0,0,0,0,0,0,0,0,0,0,0,0,0,0,0
Dolphin Tale 2,0,0,0,0,0,0,0,0,0,0,0,0,0,0,0,0,0,0,0,0,1
Earth to Echo,0,0,0,0,0,0,0,0,1,0,0,0,0,0,0,0,0,0,0,0,0
Sex Tape,0,0,0,0,0,0,0,0,0,0,0,0,0,1,0,0,0,0,0,0,0
Million Dollar Arm,0,0,0,0,0,0,0,0,0,0,0,0,0,0,0,0,0,0,0,1,0
The Theory of Everything,0,0,1,0,0,0,0,0,0,0,0,0,0,0,0,0,0,0,0,0,0
This Is Where I Leave You,0,0,0,0,0,0,0,0,0,0,0,0,0,0,0,0,0,0,0,0,1
The Gambler,0,0,0,0,0,0,0,1,0,0,0,0,0,0,0,0,0,0,0,0,0
Paranormal Activity: The Marked Ones,0,0,0,0,0,0,0,1,0,0,0,0,0,0,0,0,0,0,0,0,0
Nightcrawler,0,0,0,0,0,1,0,0,0,0,0,0,0,0,0,0,0,0,0,0,0
3 Days to Kill,0,0,0,0,0,0,0,0,1,0,0,0,0,0,0,0,0,0,0,0,0
Deliver Us from Evil,0,0,0,0,0,0,0,0,0,0,0,1,0,0,0,0,0,0,0,0,0
When the Game Stands Tall,0,0,0,0,0,0,0,0,0,0,0,0,0,0,0,0,1,0,0,0,0
Oculus,0,0,0,0,0,0,0,0,1,0,0,0,0,0,0,0,0,0,0,0,0
The Best of Me,0,0,0,0,0,0,0,0,1,0,0,0,0,0,0,0,0,0,0,0,0
A Walk Among the Tombstones,0,0,0,0,0,0,0,0,0,0,0,0,0,0,0,0,0,0,1,0,0
That Awkward Moment,0,0,1,0,0,0,0,0,0,0,0,0,0,0,0,0,0,0,0,0,0
Boyhood,0,0,0,0,0,0,1,0,0,0,0,0,0,0,0,0,0,0,0,0,0
Endless Love,0,0,0,0,0,0,0,0,0,0,0,0,0,0,0,0,0,0,1,0,0
Pompeii,0,0,0,0,0,0,0,0,0,0,0,0,0,0,0,0,1,0,0,0,0
Transcendence,0,0,0,0,0,0,0,0,0,0,0,0,0,0,0,0,0,0,0,0,1
Brick Mansions,0,0,0,0,0,0,0,0,1,0,0,0,0,0,0,0,0,0,0,0,0
"I, Frankenstein",0,0,0,0,1,0,0,0,0,0,0,0,0,0,0,0,0,0,0,0,0
The Legend of Hercules,0,0,0,0,1,0,0,0,0,0,0,0,0,0,0,0,0,0,0,0,0
A Haunted House 2,0,0,0,0,0,1,0,0,0,0,0,0,0,0,0,0,0,0,0,0,0
Devil's Due,0,0,0,0,0,0,0,0,0,0,0,0,0,0,0,0,0,1,0,0,0
Beyond the Lights,0,0,0,0,0,0,0,0,1,0,0,0,0,0,0,0,0,0,0,0,0
Left Behind,0,0,0,0,0,0,1,0,0,0,0,0,0,0,0,0,0,0,0,0,0
Labor Day,0,0,0,0,0,0,0,1,0,0,0,0,0,0,0,0,0,0,0,0,0
Whiplash,0,0,0,0,0,0,0,0,0,0,0,0,1,0,0,0,0,0,0,0,0
Winter's Tale,0,0,0,0,0,0,0,0,0,0,0,0,0,0,0,0,0,0,0,0,1
The Drop,0,0,0,1,0,0,0,0,0,0,0,0,0,0,0,0,0,0,0,0,0
Moms' Night Out,0,0,0,0,0,0,0,0,0,0,0,0,0,0,0,0,1,0,0,0,0
Legends of Oz: Dorothy's Return,0,0,0,0,0,0,1,0,0,0,0,0,0,0,0,0,0,0,0,0,0
A Most Violent Year,0,0,0,0,0,0,1,0,0,0,0,0,0,0,0,0,0,0,0,0,0
Veronica Mars,0,0,0,0,0,0,0,0,0,0,0,0,0,0,0,0,0,0,0,0,1
Under the Skin,0,0,0,0,0,0,1,0,0,0,0,0,0,0,0,0,0,0,0,0,0
Anchorman 2: The Legend Continues R-Rated Extended Cut,0,0,0,0,0,0,0,1,0,0,0,0,0,0,0,0,0,0,0,0,0
Only Lovers Left Alive,0,0,0,0,0,0,0,0,0,0,0,0,1,0,0,0,0,0,0,0,0
Star Wars: Episode VII - The Force Awakens,0,0,0,0,0,0,0,0,0,0,0,0,0,0,0,0,0,0,0,1,0
Jurassic World,0,0,0,0,0,0,0,0,0,0,0,0,0,0,0,0,0,0,1,0,0
Avengers: Age of Ultron,0,0,0,0,0,0,0,0,0,0,0,0,0,0,0,0,0,0,0,1,0
Inside Out,0,0,0,0,0,0,0,0,0,0,0,0,0,0,0,0,0,0,0,1,0
Furious 7,0,0,0,0,0,0,0,0,0,0,0,0,0,0,0,0,0,0,1,0,0
Minions,0,0,0,0,0,0,0,0,0,0,0,0,0,0,0,0,0,0,1,0,0
The Hunger Games: Mockingjay - Part 2,0,0,0,0,1,0,0,0,0,0,0,0,0,0,0,0,0,0,0,0,0
The Martian,0,0,0,0,0,0,0,0,0,0,0,0,0,0,0,0,0,1,0,0,0
Cinderella,0,0,0,0,0,0,0,0,0,0,0,0,0,0,0,0,0,0,0,1,0
Spectre,0,0,0,0,0,0,0,0,0,0,0,0,0,1,0,0,0,0,0,0,0
Mission: Impossible - Rogue Nation,0,0,0,0,0,0,0,1,0,0,0,0,0,0,0,0,0,0,0,0,0
Pitch Perfect 2,0,0,0,0,0,0,0,0,0,0,0,0,0,0,0,0,0,0,1,0,0
The Revenant,0,0,0,0,0,0,0,0,0,0,0,0,0,0,0,0,0,1,0,0,0
Ant-Man,0,0,0,0,0,0,0,0,0,0,0,0,0,0,0,0,0,0,0,1,0
Home,0,0,0,0,0,0,0,0,0,0,0,0,0,0,0,0,0,1,0,0,0
Hotel Transylvania 2,0,0,0,0,0,0,0,0,0,0,0,0,0,1,0,0,0,0,0,0,0
Fifty Shades of Grey,0,0,0,0,0,0,0,0,0,0,0,0,0,0,0,0,0,0,1,0,0
The SpongeBob Movie: Sponge Out of Water,0,0,0,0,0,0,0,1,0,0,0,0,0,0,0,0,0,0,0,0,0
Straight Outta Compton,0,0,0,0,0,0,0,0,0,0,0,0,0,0,0,0,0,0,1,0,0
San Andreas,0,0,0,0,0,0,0,0,0,0,0,0,0,0,0,0,0,0,0,0,1
The Divergent Series: Insurgent,0,0,0,0,1,0,0,0,0,0,0,0,0,0,0,0,0,0,0,0,0
The Peanuts Movie,0,0,0,0,0,0,0,0,0,0,0,0,0,0,0,0,0,1,0,0,0
Kingsman: The Secret Service,0,0,0,0,0,0,0,0,0,0,0,0,0,0,0,0,0,1,0,0,0
Trainwreck,0,0,0,0,0,0,0,0,0,0,0,0,0,0,0,0,0,0,1,0,0
Creed,0,0,0,0,0,0,0,0,0,0,0,0,0,0,0,0,0,0,0,0,1
Tomorrowland,0,0,0,0,0,0,0,0,0,0,0,0,0,0,0,0,0,0,0,1,0
Get Hard,0,0,0,0,0,0,0,0,0,0,0,0,0,0,0,0,0,0,0,0,1
Terminator Genisys,0,0,0,0,0,0,0,1,0,0,0,0,0,0,0,0,0,0,0,0,0
Taken 3,0,0,0,0,0,0,0,0,0,0,0,0,0,0,0,0,0,1,0,0,0
Sisters,0,0,0,0,0,0,0,0,0,0,0,0,0,0,0,0,0,0,1,0,0
Maze Runner: The Scorch Trials,0,0,0,0,0,0,0,0,0,0,0,0,0,0,0,0,0,1,0,0,0
Ted 2,0,0,0,0,0,0,0,0,0,0,0,0,0,0,0,0,0,0,1,0,0
Goosebumps,0,0,0,0,0,0,0,0,0,0,0,0,0,1,0,0,0,0,0,0,0
Pixels,0,0,0,0,0,0,0,0,0,0,0,0,0,1,0,0,0,0,0,0,0
Paddington,0,0,0,0,0,0,1,0,0,0,0,0,0,0,0,0,0,0,0,0,0
The Intern,0,0,0,0,0,0,0,0,0,0,0,0,0,0,0,0,0,0,0,0,1
Bridge of Spies,0,0,0,0,0,0,0,0,0,0,0,0,0,0,0,0,0,0,0,1,0
Paul Blart: Mall Cop 2,0,0,0,0,0,0,0,0,0,0,0,0,0,1,0,0,0,0,0,0,0
The Big Short,0,0,0,0,0,0,0,1,0,0,0,0,0,0,0,0,0,0,0,0,0
Magic Mike XXL,0,0,0,0,0,0,0,0,0,0,0,0,0,0,0,0,0,0,0,0,1
The Visit,0,0,0,0,0,0,0,0,0,0,0,0,0,0,0,0,0,0,1,0,0
The Wedding Ringer,0,0,0,0,0,0,0,0,0,0,0,1,0,0,0,0,0,0,0,0,0
Black Mass,0,0,0,0,0,0,0,0,0,0,0,0,0,0,0,0,0,0,0,0,1
Vacation,0,0,0,0,0,0,0,0,0,0,0,0,0,0,0,0,0,0,0,0,1
The Perfect Guy,0,0,0,0,0,0,0,0,0,0,0,1,0,0,0,0,0,0,0,0,0
Joy,0,0,0,0,0,0,0,0,0,0,0,0,0,0,0,0,0,1,0,0,0
Fantastic Four,0,0,0,0,0,0,0,0,0,0,0,0,0,0,0,0,0,1,0,0,0
The Hateful Eight,0,0,0,0,0,0,0,0,0,0,0,0,0,0,0,1,0,0,0,0,0
Focus,0,0,0,0,0,0,0,0,0,0,0,0,0,0,0,0,0,0,0,0,1
Southpaw,0,0,0,0,0,0,0,0,0,0,0,0,0,0,0,1,0,0,0,0,0
Insidious: Chapter 3,0,0,1,0,0,0,0,0,0,0,0,0,0,0,0,0,0,0,0,0,0
Poltergeist,0,0,0,0,0,0,0,0,0,0,0,0,0,0,0,0,0,1,0,0,0
Jupiter Ascending,0,0,0,0,0,0,0,0,0,0,0,0,0,0,0,0,0,0,0,0,1
Sicario,0,0,0,0,1,0,0,0,0,0,0,0,0,0,0,0,0,0,0,0,0
The Man from U.N.C.L.E.,0,0,0,0,0,0,0,0,0,0,0,0,0,0,0,0,0,0,0,0,1
The Gift,0,0,0,0,0,0,0,0,0,0,1,0,0,0,0,0,0,0,0,0,0
Everest,0,0,0,0,0,0,0,0,0,0,0,0,0,0,0,0,0,0,1,0,0
The Night Before,0,0,0,0,0,0,0,0,0,0,0,0,0,1,0,0,0,0,0,0,0
Krampus,0,0,0,0,0,0,0,0,0,0,0,0,0,0,0,0,0,0,1,0,0
Max,0,0,0,0,0,0,0,0,0,0,0,0,0,0,0,0,0,0,0,0,1
The Longest Ride,0,0,0,0,0,0,0,0,0,0,0,0,0,0,0,0,0,1,0,0,0
The Boy Next Door,0,0,0,0,0,0,0,0,0,0,0,0,0,0,0,0,0,0,1,0,0
Pan,0,0,0,0,0,0,0,0,0,0,0,0,0,0,0,0,0,0,0,0,1
Hot Pursuit,0,0,0,0,0,0,0,0,0,0,0,0,0,0,0,0,0,0,0,0,1
Concussion,0,0,0,0,0,0,0,0,0,0,0,0,0,1,0,0,0,0,0,0,0
The DUFF,0,0,0,0,1,0,0,0,0,0,0,0,0,0,0,0,0,0,0,0,0
Woman in Gold,0,0,0,0,0,0,0,0,0,0,0,0,0,0,0,1,0,0,0,0,0
The Second Best Exotic Marigold Hotel,0,0,0,1,0,0,0,0,0,0,0,0,0,0,0,0,0,0,0,0,0
Unfriended,0,0,0,0,0,0,0,0,0,0,0,0,0,0,0,0,0,0,1,0,0
Entourage,0,0,0,0,0,0,0,0,0,0,0,0,0,0,0,0,0,0,0,0,1
Paper Towns,0,0,0,0,0,0,0,0,0,0,0,0,0,0,0,0,0,1,0,0,0
Crimson Peak,0,0,0,0,0,0,0,0,0,0,0,0,0,0,0,0,0,0,1,0,0
Point Break,0,0,0,0,0,0,0,0,0,0,0,0,0,0,0,0,0,0,0,0,1
Sinister 2,0,0,1,0,0,0,0,0,0,0,0,0,0,0,0,0,0,0,0,0,0
The Last Witch Hunter,0,0,0,0,1,0,0,0,0,0,0,0,0,0,0,0,0,0,0,0,0
Ricki and the Flash,0,0,0,0,0,0,0,0,0,0,0,0,0,0,0,0,1,0,0,0,0
Run All Night,0,0,0,0,0,0,0,0,0,0,0,0,0,0,0,0,0,0,0,0,1
Love the Coopers,0,0,0,0,1,0,0,0,0,0,0,0,0,0,0,0,0,0,0,0,0
The Lazarus Effect,0,0,0,0,0,0,0,0,1,0,0,0,0,0,0,0,0,0,0,0,0
Ex Machina,0,0,0,0,0,0,1,0,0,0,0,0,0,0,0,0,0,0,0,0,0
In the Heart of the Sea,0,0,0,0,0,0,0,0,0,0,0,0,0,0,0,0,0,0,0,0,1
The Gallows,0,0,0,0,0,0,0,0,0,0,0,0,0,0,0,0,0,0,0,0,1
Hitman: Agent 47,0,0,0,0,0,0,0,0,0,0,0,0,0,0,0,0,0,1,0,0,0
Project Almanac,0,0,0,0,0,0,0,1,0,0,0,0,0,0,0,0,0,0,0,0,0
Black or White,0,0,0,0,0,0,0,0,1,0,0,0,0,0,0,0,0,0,0,0,0
Aloha,0,0,0,0,0,0,0,0,0,0,0,0,0,1,0,0,0,0,0,0,0
Secret in Their Eyes,0,0,0,0,0,0,0,0,0,0,1,0,0,0,0,0,0,0,0,0,0
Still Alice,0,0,0,0,0,0,0,0,0,0,0,0,1,0,0,0,0,0,0,0,0
Paranormal Activity: The Ghost Dimension,0,0,0,0,0,0,0,1,0,0,0,0,0,0,0,0,0,0,0,0,0
Steve Jobs,0,0,0,0,0,0,0,0,0,0,0,0,0,0,0,0,0,0,1,0,0
Dope,0,0,0,0,0,1,0,0,0,0,0,0,0,0,0,0,0,0,0,0,0
Seventh Son,0,0,0,0,0,0,0,0,0,0,0,0,0,0,0,0,0,0,1,0,0
American Ultra,0,0,0,0,1,0,0,0,0,0,0,0,0,0,0,0,0,0,0,0,0
Burnt,0,0,0,0,0,0,0,0,0,0,0,0,0,0,0,1,0,0,0,0,0
Hot Tub Time Machine 2,0,0,0,0,0,0,0,1,0,0,0,0,0,0,0,0,0,0,0,0,0
Self/less,0,0,1,0,0,0,0,0,0,0,0,0,0,0,0,0,0,0,0,0,0
The Gunman,0,0,0,0,0,1,0,0,0,0,0,0,0,0,0,0,0,0,0,0,0
Unfinished Business,0,0,0,0,0,0,0,0,0,0,0,0,0,0,0,0,0,1,0,0,0
The Walk,0,0,0,0,0,0,0,0,0,0,0,0,0,0,0,0,1,0,0,0,0
Huevos: Little Rooster's Egg-cellent Adventure,0,0,0,0,1,0,0,0,0,0,0,0,0,0,0,0,0,0,0,0,0
Blackhat,0,0,0,0,0,0,0,0,0,0,0,0,0,0,0,0,0,0,1,0,0
Mortdecai,0,0,0,0,1,0,0,0,0,0,0,0,0,0,0,0,0,0,0,0,0
The Green Inferno,0,0,0,0,0,0,1,0,0,0,0,0,0,0,0,0,0,0,0,0,0
Our Brand Is Crisis,0,0,0,0,0,0,0,0,0,0,0,0,0,0,0,0,0,0,0,0,1
Grandma,0,0,0,0,0,0,0,0,0,0,0,0,1,0,0,0,0,0,0,0,0
Me and Earl and the Dying Girl,0,0,0,1,0,0,0,0,0,0,0,0,0,0,0,0,0,0,0,0,0
Danny Collins,0,0,0,0,0,0,1,0,0,0,0,0,0,0,0,0,0,0,0,0,0
90 Minutes in Heaven,0,0,0,0,0,0,1,0,0,0,0,0,0,0,0,0,0,0,0,0,0
The Water Diviner,0,0,0,0,0,0,0,0,0,0,0,0,0,0,0,0,0,0,0,0,1
Anomalisa,0,0,0,0,0,0,0,1,0,0,0,0,0,0,0,0,0,0,0,0,0
Scouts Guide to the Zombie Apocalypse,0,0,0,0,0,0,0,1,0,0,0,0,0,0,0,0,0,0,0,0,0
Jem and the Holograms,0,0,0,0,0,0,0,0,0,0,0,0,0,0,0,0,0,0,1,0,0
99 Homes,0,0,0,0,0,0,1,0,0,0,0,0,0,0,0,0,0,0,0,0,0
Rogue One: A Star Wars Story,0,0,0,0,0,0,0,0,0,0,0,0,0,0,0,0,0,0,0,1,0
Captain America: Civil War,0,0,0,0,0,0,0,0,0,0,0,0,0,0,0,0,0,0,0,1,0
The Secret Life of Pets,0,0,0,0,0,0,0,0,0,0,0,0,0,0,0,0,0,0,1,0,0
The Jungle Book,0,0,0,0,0,0,0,0,0,0,0,0,0,0,0,0,0,0,0,1,0
Deadpool,0,0,0,0,0,0,0,0,0,0,0,0,0,0,0,0,0,1,0,0,0
Batman v Superman: Dawn of Justice,0,0,0,0,0,0,0,0,0,0,0,0,0,0,0,0,0,0,0,0,1
Suicide Squad,0,0,0,0,0,0,0,0,0,0,0,0,0,0,0,0,0,0,0,0,1
Sing,0,0,0,0,0,0,0,0,0,0,0,0,0,0,0,0,0,0,1,0,0
Fantastic Beasts and Where to Find Them,0,0,0,0,0,0,0,0,0,0,0,0,0,0,0,0,0,0,0,0,1
Doctor Strange,0,0,0,0,0,0,0,0,0,0,0,0,0,0,0,0,0,0,0,1,0
Hidden Figures,0,0,0,0,0,0,0,0,0,0,0,0,0,0,0,0,0,1,0,0,0
Jason Bourne,0,0,0,0,0,0,0,0,0,0,0,0,0,0,0,0,0,0,1,0,0
Star Trek Beyond,0,0,0,0,0,0,0,1,0,0,0,0,0,0,0,0,0,0,0,0,0
X-Men: Apocalypse,0,0,0,0,0,0,0,0,0,0,0,0,0,0,0,0,0,1,0,0,0
Trolls,0,0,0,0,0,0,0,0,0,0,0,0,0,0,0,0,0,1,0,0,0
La La Land,0,0,0,0,1,0,0,0,0,0,0,0,0,0,0,0,0,0,0,0,0
Kung Fu Panda 3,0,0,0,0,0,0,0,0,0,0,0,0,0,0,0,0,0,1,0,0,0
Ghostbusters,0,0,0,0,0,0,0,0,0,0,0,0,0,1,0,0,0,0,0,0,0
Central Intelligence,0,0,0,0,0,0,0,0,0,0,0,0,0,0,0,0,0,0,0,0,1
The Legend of Tarzan,0,0,0,0,0,0,0,0,0,0,0,0,0,0,0,0,0,0,0,0,1
Sully,0,0,0,0,0,0,0,0,0,0,0,0,0,0,0,0,0,0,0,0,1
Bad Moms,0,0,0,0,0,0,0,0,0,0,1,0,0,0,0,0,0,0,0,0,0
The Angry Birds Movie,0,0,0,0,0,0,0,0,0,0,0,0,0,1,0,0,0,0,0,0,0
The Conjuring 2,0,0,0,0,0,0,0,0,0,0,0,0,0,0,0,0,0,0,0,0,1
Arrival,0,0,0,0,0,0,0,1,0,0,0,0,0,0,0,0,0,0,0,0,0
Passengers,0,0,0,0,0,0,0,0,0,0,0,0,0,1,0,0,0,0,0,0,0
Sausage Party,0,0,0,0,0,0,0,0,0,0,0,0,0,1,0,0,0,0,0,0,0
The Magnificent Seven,0,0,0,0,0,0,0,0,0,0,0,0,0,1,0,0,0,0,0,0,0
Ride Along 2,0,0,0,0,0,0,0,0,0,0,0,0,0,0,0,0,0,0,1,0,0
Don't Breathe,0,0,0,0,0,0,0,0,0,0,0,1,0,0,0,0,0,0,0,0,0
Miss Peregrine's Home for Peculiar Children,0,0,0,0,0,0,0,0,0,0,0,0,0,0,0,0,0,1,0,0,0
The Accountant,0,0,0,0,0,0,0,0,0,0,0,0,0,0,0,0,0,0,0,0,1
Teenage Mutant Ninja Turtles: Out of the Shadows,0,0,0,0,0,0,0,1,0,0,0,0,0,0,0,0,0,0,0,0,0
The Purge: Election Year,0,0,0,0,0,0,0,0,0,0,0,0,0,0,0,0,0,0,1,0,0
Alice Through the Looking Glass,0,0,0,0,0,0,0,0,0,0,0,0,0,0,0,0,0,0,0,1,0
Pete's Dragon,0,0,0,0,0,0,0,0,0,0,0,0,0,0,0,0,0,0,0,1,0
The Girl on the Train,0,0,0,0,0,0,0,0,0,0,0,0,0,0,0,0,0,0,1,0,0
Boo! A Madea Halloween,0,0,0,0,1,0,0,0,0,0,0,0,0,0,0,0,0,0,0,0,0
Storks,0,0,0,0,0,0,0,0,0,0,0,0,0,0,0,0,0,0,0,0,1
Lights Out,0,0,0,0,0,0,0,0,0,0,0,0,0,0,0,0,0,0,0,0,1
Hacksaw Ridge,0,0,0,0,1,0,0,0,0,0,0,0,0,0,0,0,0,0,0,0,0
Ice Age: Collision Course,0,0,0,0,0,0,0,0,0,0,0,0,0,0,0,0,0,1,0,0,0
The Boss,0,0,0,0,0,0,0,0,0,0,0,0,0,0,0,0,0,0,1,0,0
London Has Fallen,0,0,1,0,0,0,0,0,0,0,0,0,0,0,0,0,0,0,0,0,0
Miracles from Heaven,0,0,0,0,0,0,0,0,0,0,0,0,0,0,0,0,1,0,0,0,0
Deepwater Horizon,0,0,0,0,1,0,0,0,0,0,0,0,0,0,0,0,0,0,0,0,0
Why Him?,0,0,0,0,0,0,0,0,0,0,0,0,0,0,0,0,0,1,0,0,0
Jack Reacher: Never Go Back,0,0,0,0,0,0,0,1,0,0,0,0,0,0,0,0,0,0,0,0,0
Fences,0,0,0,0,0,0,0,1,0,0,0,0,0,0,0,0,0,0,0,0,0
Me Before You,0,0,0,0,0,0,0,0,0,0,0,0,0,0,0,0,0,0,0,0,1
The BFG,0,0,0,0,0,0,0,0,0,0,0,0,0,0,0,0,0,0,0,1,0
The Shallows,0,0,0,0,0,0,0,0,0,0,0,0,0,1,0,0,0,0,0,0,0
Office Christmas Party,0,0,0,0,0,0,0,1,0,0,0,0,0,0,0,0,0,0,0,0,0
Assassin's Creed,0,0,0,0,0,0,0,0,0,0,0,0,0,0,0,0,0,1,0,0,0
13 Hours,0,0,0,0,0,0,0,1,0,0,0,0,0,0,0,0,0,0,0,0,0
Lion,0,0,0,0,0,0,0,0,0,0,0,0,0,0,0,1,0,0,0,0,0
The Huntsman: Winter's War,0,0,0,0,0,0,0,0,0,0,0,0,0,0,0,0,0,0,1,0,0
Kubo and the Two Strings,0,0,1,0,0,0,0,0,0,0,0,0,0,0,0,0,0,0,0,0,0
Manchester by the Sea,0,0,0,0,0,0,0,0,0,1,0,0,0,0,0,0,0,0,0,0,0
Warcraft,0,0,0,0,0,0,0,0,0,0,0,0,0,0,0,0,0,0,1,0,0
How to Be Single,0,0,0,0,0,0,0,0,0,0,0,0,0,0,0,0,0,0,0,0,1
Mike and Dave Need Wedding Dates,0,0,0,0,0,0,0,0,0,0,0,0,0,0,0,0,0,1,0,0,0
Almost Christmas,0,0,0,0,0,0,0,0,0,0,0,0,0,0,0,0,0,0,1,0,0
Money Monster,0,0,0,0,0,0,0,0,0,0,0,0,0,0,0,0,1,0,0,0,0
Allied,0,0,0,0,0,0,0,1,0,0,0,0,0,0,0,0,0,0,0,0,0
Nerve,0,0,0,0,1,0,0,0,0,0,0,0,0,0,0,0,0,0,0,0,0
Risen,0,0,0,0,0,0,0,0,0,0,0,0,0,1,0,0,0,0,0,0,0
The Nice Guys,0,0,0,0,0,0,0,0,0,0,0,0,0,0,0,0,0,0,0,0,1
The Boy,0,0,0,0,0,0,0,0,0,0,1,0,0,0,0,0,0,0,0,0,0
Dirty Grandpa,0,0,0,0,1,0,0,0,0,0,0,0,0,0,0,0,0,0,0,0,0
Ouija: Origin of Evil,0,0,0,0,0,0,0,0,0,0,0,0,0,0,0,0,0,0,1,0,0
The 5th Wave,0,0,0,0,0,0,0,0,0,0,0,0,0,1,0,0,0,0,0,0,0
Inferno,0,0,0,0,0,0,0,0,0,0,0,0,0,1,0,0,0,0,0,0,0
Mother's Day,0,0,0,0,0,1,0,0,0,0,0,0,0,0,0,0,0,0,0,0,0
Patriots Day,0,0,0,0,1,0,0,0,0,0,0,0,0,0,0,0,0,0,0,0,0
Gods of Egypt,0,0,0,0,1,0,0,0,0,0,0,0,0,0,0,0,0,0,0,0,0
Collateral Beauty,0,0,0,0,0,0,0,0,0,0,0,0,0,0,0,0,0,0,0,0,1
"Hail, Caesar!",0,0,0,0,0,0,0,0,0,0,0,0,0,0,0,0,0,0,1,0,0
When the Bough Breaks,0,0,0,0,0,0,0,0,0,0,0,1,0,0,0,0,0,0,0,0,0
Moonlight,0,0,0,0,0,0,1,0,0,0,0,0,0,0,0,0,0,0,0,0,0
Florence Foster Jenkins,0,0,0,0,0,0,0,1,0,0,0,0,0,0,0,0,0,0,0,0,0
Hell or High Water,0,0,0,0,1,0,0,0,0,0,0,0,0,0,0,0,0,0,0,0,0
The Forest,0,0,1,0,0,0,0,0,0,0,0,0,0,0,0,0,0,0,0,0,0
Ben-Hur,0,0,0,0,0,0,0,1,0,0,0,0,0,0,0,0,0,0,0,0,0
The Witch,0,0,0,0,0,0,1,0,0,0,0,0,0,0,0,0,0,0,0,0,0
Bridget Jones's Baby,0,0,0,0,0,0,0,0,0,0,0,0,0,0,0,0,0,0,1,0,0
Kevin Hart: What Now?,0,0,0,0,0,0,0,0,0,0,0,0,0,0,0,0,0,0,1,0,0
Whiskey Tango Foxtrot,0,0,0,0,0,0,0,1,0,0,0,0,0,0,0,0,0,0,0,0,0
Snowden,0,0,0,0,0,1,0,0,0,0,0,0,0,0,0,0,0,0,0,0,0
Free State of Jones,0,0,0,0,0,0,0,0,0,0,1,0,0,0,0,0,0,0,0,0,0
Blair Witch,0,0,0,0,1,0,0,0,0,0,0,0,0,0,0,0,0,0,0,0,0
Keanu,0,0,0,0,0,0,0,0,0,0,0,0,0,0,0,0,0,0,0,0,1
Middle School: The Worst Years of My Life,0,0,0,0,1,0,0,0,0,0,0,0,0,0,0,0,0,0,0,0,0
Nine Lives,0,0,0,0,0,0,1,0,0,0,0,0,0,0,0,0,0,0,0,0,0
Bad Santa 2,0,0,0,0,0,0,1,0,0,0,0,0,0,0,0,0,0,0,0,0,0
Eddie the Eagle,0,0,0,0,0,0,0,0,0,0,0,0,0,0,0,0,0,1,0,0,0
Keeping Up with the Joneses,0,0,0,0,0,0,0,0,0,0,0,0,0,0,0,0,0,1,0,0,0
The Edge of Seventeen,0,0,0,0,0,0,0,0,0,0,1,0,0,0,0,0,0,0,0,0,0
The Light Between Oceans,0,0,0,0,0,0,0,0,0,0,0,0,0,0,0,0,0,0,0,1,0
Pride and Prejudice and Zombies,0,0,0,0,0,0,0,0,0,0,0,1,0,0,0,0,0,0,0,0,0
Queen of Katwe,0,0,0,0,0,0,0,0,0,0,0,0,0,0,0,0,0,0,0,1,0
Bleed for This,0,0,0,0,0,1,0,0,0,0,0,0,0,0,0,0,0,0,0,0,0
Incarnate,0,0,0,0,0,0,1,0,0,0,0,0,0,0,0,0,0,0,0,0,0
Morgan,0,0,0,0,0,0,0,0,0,0,0,0,0,0,0,0,0,1,0,0,0
Rules Don't Apply,0,0,0,0,0,0,0,0,0,0,0,0,0,0,0,0,0,1,0,0,0
The Disappointments Room,0,0,0,0,0,0,0,0,1,0,0,0,0,0,0,0,0,0,0,0,0
Star Wars: Episode VIII - The Last Jedi,0,0,0,0,0,0,0,0,0,0,0,0,0,0,0,0,0,0,0,1,0
Beauty and the Beast,0,0,0,0,0,0,0,0,0,0,0,0,0,0,0,0,0,0,0,1,0
Wonder Woman,0,0,0,0,0,0,0,0,0,0,0,0,0,0,0,0,0,0,0,0,1
Jumanji: Welcome to the Jungle,0,0,0,0,0,0,0,0,0,0,0,0,0,1,0,0,0,0,0,0,0
Guardians of the Galaxy Vol. 2,0,0,0,0,0,0,0,0,0,0,0,0,0,0,0,0,0,0,0,1,0
Spider-Man: Homecoming,0,0,0,0,0,0,0,0,0,0,0,0,0,1,0,0,0,0,0,0,0
It,0,0,0,0,0,0,0,0,0,0,0,0,0,0,0,0,0,0,0,0,1
Thor: Ragnarok,0,0,0,0,0,0,0,0,0,0,0,0,0,0,0,0,0,0,0,1,0
Despicable Me 3,0,0,0,0,0,0,0,0,0,0,0,0,0,0,0,0,0,0,1,0,0
Logan,0,0,0,0,0,0,0,0,0,0,0,0,0,0,0,0,0,1,0,0,0
The Fate of the Furious,0,0,0,0,0,0,0,0,0,0,0,0,0,0,0,0,0,0,1,0,0
Dunkirk,0,0,0,0,0,0,0,0,0,0,0,0,0,0,0,0,0,0,0,0,1
Get Out,0,0,0,0,0,0,0,0,0,0,0,0,0,0,0,0,0,0,1,0,0
The Lego Batman Movie,0,0,0,0,0,0,0,0,0,0,0,0,0,0,0,0,0,0,0,0,1
The Greatest Showman,0,0,0,0,0,0,0,0,0,0,0,0,0,0,0,0,0,1,0,0,0
Pirates of the Caribbean: Dead Men Tell No Tales,0,0,0,0,0,0,0,0,0,0,0,0,0,0,0,0,0,0,0,1,0
Kong: Skull Island,0,0,0,0,0,0,0,0,0,0,0,0,0,0,0,0,0,0,0,0,1
War for the Planet of the Apes,0,0,0,0,0,0,0,0,0,0,0,0,0,0,0,0,0,1,0,0,0
Split,0,0,0,0,0,0,0,0,0,0,0,0,0,0,0,0,0,0,1,0,0
Transformers: The Last Knight,0,0,0,0,0,0,0,1,0,0,0,0,0,0,0,0,0,0,0,0,0
Girls Trip,0,0,0,0,0,0,0,0,0,0,0,0,0,0,0,0,0,0,1,0,0
Fifty Shades Darker,0,0,0,0,0,0,0,0,0,0,0,0,0,0,0,0,0,0,1,0,0
Baby Driver,0,0,0,0,0,0,0,0,0,0,0,0,0,0,0,0,1,0,0,0,0
Pitch Perfect 3,0,0,0,0,0,0,0,0,0,0,0,0,0,0,0,0,0,0,1,0,0
Daddy's Home 2,0,0,0,0,0,0,0,1,0,0,0,0,0,0,0,0,0,0,0,0,0
Murder on the Orient Express,0,0,0,0,0,0,0,0,0,0,0,0,0,0,0,0,0,1,0,0,0
Annabelle: Creation,0,0,0,0,0,0,0,0,0,0,0,0,0,0,0,0,0,0,0,0,1
Kingsman: The Golden Circle,0,0,0,0,0,0,0,0,0,0,0,0,0,0,0,0,0,1,0,0,0
Blade Runner 2049,0,0,0,0,0,0,0,0,0,0,0,0,0,0,0,0,0,0,0,0,1
The Emoji Movie,0,0,0,0,0,0,0,0,0,0,0,0,0,1,0,0,0,0,0,0,0
Power Rangers,0,0,0,0,1,0,0,0,0,0,0,0,0,0,0,0,0,0,0,0,0
Ferdinand,0,0,0,0,0,0,0,0,0,0,0,0,0,0,0,0,0,1,0,0,0
The Post,0,0,0,0,0,0,0,0,0,0,0,0,0,0,0,0,0,1,0,0,0
The Mummy,0,0,0,0,0,0,0,0,0,0,0,0,0,0,0,0,0,0,1,0,0
The Hitman's Bodyguard,0,0,0,0,1,0,0,0,0,0,0,0,0,0,0,0,0,0,0,0,0
Alien: Covenant,0,0,0,0,0,0,0,0,0,0,0,0,0,0,0,0,0,1,0,0,0
Captain Underpants: The First Epic Movie,0,0,0,0,0,0,0,0,0,0,0,0,0,0,0,0,0,1,0,0,0
A Bad Moms Christmas,0,0,0,0,0,0,0,0,0,0,1,0,0,0,0,0,0,0,0,0,0
A Dog's Purpose,0,0,0,0,0,0,0,0,0,0,0,0,0,0,0,0,0,0,1,0,0
Baywatch,0,0,0,0,0,0,0,1,0,0,0,0,0,0,0,0,0,0,0,0,0
Happy Death Day,0,0,0,0,0,0,0,0,0,0,0,0,0,0,0,0,0,0,1,0,0
Atomic Blonde,0,0,1,0,0,0,0,0,0,0,0,0,0,0,0,0,0,0,0,0,0
American Made,0,0,0,0,0,0,0,0,0,0,0,0,0,0,0,0,0,0,1,0,0
The Dark Tower,0,0,0,0,0,0,0,0,0,0,0,0,0,1,0,0,0,0,0,0,0
Boo 2! A Madea Halloween,0,0,0,0,1,0,0,0,0,0,0,0,0,0,0,0,0,0,0,0,0
Snatched,0,0,0,0,0,0,0,0,0,0,0,0,0,0,0,0,0,1,0,0,0
The Great Wall,0,0,0,0,0,0,0,0,0,0,0,0,0,0,0,0,0,0,1,0,0
Smurfs: The Lost Village,0,0,0,0,0,0,0,0,0,0,0,0,0,1,0,0,0,0,0,0,0
Going in Style,0,0,0,0,0,0,0,0,0,0,0,0,0,0,0,0,0,0,0,0,1
All Eyez on Me,0,0,0,0,1,0,0,0,0,0,0,0,0,0,0,0,0,0,0,0,0
xXx: Return of Xander Cage,0,0,0,0,0,0,0,1,0,0,0,0,0,0,0,0,0,0,0,0,0
47 Meters Down,0,0,0,0,0,0,1,0,0,0,0,0,0,0,0,0,0,0,0,0,0
Valerian and the City of a Thousand Planets,0,0,0,0,0,0,0,0,0,0,1,0,0,0,0,0,0,0,0,0,0
The Star,0,0,0,0,0,0,0,0,0,0,0,0,0,1,0,0,0,0,0,0,0
Ghost in the Shell,0,0,0,0,0,0,0,1,0,0,0,0,0,0,0,0,0,0,0,0,0
King Arthur: Legend of the Sword,0,0,0,0,0,0,0,0,0,0,0,0,0,0,0,0,0,0,0,0,1
Jigsaw,0,0,0,0,1,0,0,0,0,0,0,0,0,0,0,0,0,0,0,0,0
American Assassin,0,0,0,0,1,0,0,0,0,0,0,0,0,0,0,0,0,0,0,0,0
The Foreigner,0,0,0,0,0,0,0,0,0,0,1,0,0,0,0,0,0,0,0,0,0
"Everything, Everything",0,0,0,0,0,0,0,0,0,0,0,0,0,0,0,0,0,0,0,0,1
Wind River,0,0,0,0,0,0,0,0,0,0,0,0,0,0,0,1,0,0,0,0,0
Geostorm,0,0,0,0,0,0,0,0,0,0,0,0,0,0,0,0,0,0,0,0,1
Kidnap,0,0,0,0,0,0,1,0,0,0,0,0,0,0,0,0,0,0,0,0,0
Underworld: Blood Wars,0,0,0,0,0,0,0,0,0,0,0,1,0,0,0,0,0,0,0,0,0
The Mountain Between Us,0,0,0,0,0,0,0,0,0,0,0,0,0,0,0,0,0,1,0,0,0
Life,0,0,0,0,0,0,0,0,0,0,0,0,0,1,0,0,0,0,0,0,0
The Nut Job 2: Nutty by Nature,0,0,0,0,0,1,0,0,0,0,0,0,0,0,0,0,0,0,0,0,0
Rings,0,0,0,0,0,0,0,1,0,0,0,0,0,0,0,0,0,0,0,0,0
Logan Lucky,0,0,0,0,0,0,1,0,0,0,0,0,0,0,0,0,0,0,0,0,0
Home Again,0,0,0,0,0,1,0,0,0,0,0,0,0,0,0,0,0,0,0,0,0
Resident Evil: The Final Chapter,0,0,0,0,0,0,0,0,0,0,0,1,0,0,0,0,0,0,0,0,0
The House,0,0,0,0,0,0,0,0,0,0,0,0,0,0,0,0,0,0,0,0,1
Gifted,0,0,0,1,0,0,0,0,0,0,0,0,0,0,0,0,0,0,0,0,0
Downsizing,0,0,0,0,0,0,0,1,0,0,0,0,0,0,0,0,0,0,0,0,0
The Bye Bye Man,0,0,0,0,0,0,0,0,0,0,1,0,0,0,0,0,0,0,0,0,0
Rough Night,0,0,0,0,0,0,0,0,0,0,0,0,0,1,0,0,0,0,0,0,0
My Little Pony: The Movie,0,0,0,0,1,0,0,0,0,0,0,0,0,0,0,0,0,0,0,0,0
Diary of a Wimpy Kid: The Long Haul,0,0,0,0,0,0,0,0,0,0,0,0,0,0,0,0,0,1,0,0,0
The Circle,0,0,0,0,0,0,0,0,0,0,1,0,0,0,0,0,0,0,0,0,0
CHIPS,0,0,0,0,0,0,0,0,0,0,0,0,0,0,0,0,0,0,0,0,1
Only the Brave,0,0,0,0,0,0,0,0,0,0,0,0,0,1,0,0,0,0,0,0,0
Mother!,0,0,0,0,0,0,0,1,0,0,0,0,0,0,0,0,0,0,0,0,0
Flatliners,0,0,0,0,0,0,0,0,0,0,0,0,0,1,0,0,0,0,0,0,0
Detroit,0,0,0,0,0,0,1,0,0,0,0,0,0,0,0,0,0,0,0,0,0
Wish Upon,0,0,0,0,0,0,1,0,0,0,0,0,0,0,0,0,0,0,0,0,0
"Roman J. Israel, Esq.",0,0,0,0,0,0,0,0,0,0,0,0,0,1,0,0,0,0,0,0,0
Unforgettable,0,0,0,0,0,0,0,0,0,0,0,0,0,0,0,0,0,0,0,0,1
The Belko Experiment,0,0,0,0,0,0,1,0,0,0,0,0,0,0,0,0,0,0,0,0,0
Marshall,0,0,0,0,0,1,0,0,0,0,0,0,0,0,0,0,0,0,0,0,0
Thank You for Your Service,0,0,0,0,0,0,0,0,0,0,0,0,0,0,0,0,0,0,1,0,0
The Promise,0,0,0,0,0,1,0,0,0,0,0,0,0,0,0,0,0,0,0,0,0
A Cure for Wellness,0,0,0,0,0,0,0,0,0,0,0,0,0,0,0,0,0,1,0,0,0
The Snowman,0,0,0,0,0,0,0,0,0,0,0,0,0,0,0,0,0,0,1,0,0
Just Getting Started,0,0,0,0,0,0,1,0,0,0,0,0,0,0,0,0,0,0,0,0,0
All Saints,0,0,0,0,0,0,1,0,0,0,0,0,0,0,0,0,0,0,0,0,0
Sleight,0,0,0,0,0,0,1,0,0,0,0,0,0,0,0,0,0,0,0,0,0
Friend Request,0,0,0,0,0,0,1,0,0,0,0,0,0,0,0,0,0,0,0,0,0
Phoenix Forgotten,0,0,0,0,0,0,1,0,0,0,0,0,0,0,0,0,0,0,0,0,0
An Inconvenient Sequel: Truth to Power,0,0,0,0,0,0,0,1,0,0,0,0,0,0,0,0,0,0,0,0,0
T2 Trainspotting,0,0,0,0,0,0,0,0,0,0,0,0,0,0,0,0,1,0,0,0,0
Jurassic World: Fallen Kingdom,0,0,0,0,0,0,0,0,0,0,0,0,0,0,0,0,0,0,1,0,0
Deadpool 2,0,0,0,0,0,0,0,0,0,0,0,0,0,0,0,0,0,1,0,0,0
The Grinch,0,0,0,0,0,0,0,0,0,0,0,0,0,0,0,0,0,0,1,0,0
Mission: Impossible - Fallout,0,0,0,0,0,0,0,1,0,0,0,0,0,0,0,0,0,0,0,0,0
Bohemian Rhapsody,0,0,0,0,0,0,0,0,0,0,0,0,0,0,0,0,0,1,0,0,0
A Star Is Born,0,0,0,0,0,0,0,0,0,0,0,0,0,0,0,0,0,0,0,0,1
Solo: A Star Wars Story,0,0,0,0,0,0,0,0,0,0,0,0,0,0,0,0,0,0,0,1,0
Venom,0,0,0,0,0,0,0,0,0,0,0,0,0,1,0,0,0,0,0,0,0
Ralph Breaks the Internet,0,0,0,0,0,0,0,0,0,0,0,0,0,0,0,0,0,0,0,1,0
A Quiet Place,0,0,0,0,0,0,0,1,0,0,0,0,0,0,0,0,0,0,0,0,0
Mary Poppins Returns,0,0,0,0,0,0,0,0,0,0,0,0,0,0,0,0,0,0,0,1,0
Hotel Transylvania 3: Summer Vacation,0,0,0,0,0,0,0,0,0,0,0,0,0,1,0,0,0,0,0,0,0
Fantastic Beasts: The Crimes of Grindelwald,0,0,0,0,0,0,0,0,0,0,0,0,0,0,0,0,0,0,0,0,1
Halloween,0,0,0,0,0,0,0,0,0,0,0,0,0,0,0,0,0,0,1,0,0
The Meg,0,0,0,0,0,0,0,0,0,0,0,0,0,0,0,0,0,0,0,0,1
Ocean's Eight,0,0,0,0,0,0,0,0,0,0,0,0,0,0,0,0,0,0,0,0,1
Ready Player One,0,0,0,0,0,0,0,0,0,0,0,0,0,0,0,0,0,0,0,0,1
Bumblebee,0,0,0,0,0,0,0,1,0,0,0,0,0,0,0,0,0,0,0,0,0
Mamma Mia! Here We Go Again,0,0,0,0,0,0,0,0,0,0,0,0,0,0,0,0,0,0,1,0,0
The Nun,0,0,0,0,0,0,0,0,0,0,0,0,0,0,0,0,0,0,0,0,1
Creed II,0,0,0,0,0,0,1,0,0,0,0,0,0,0,0,0,0,0,0,0,0
Peter Rabbit,0,0,0,0,0,0,0,0,0,0,0,0,0,1,0,0,0,0,0,0,0
The Mule,0,0,0,0,0,0,0,0,0,0,0,0,0,0,0,0,0,0,0,0,1
The Equalizer 2,0,0,0,0,0,0,0,0,0,0,0,0,0,1,0,0,0,0,0,0,0
Rampage,0,0,0,0,0,0,0,0,0,0,0,0,0,0,0,0,0,0,0,0,1
Fifty Shades Freed,0,0,0,0,0,0,0,0,0,0,0,0,0,0,0,0,0,0,1,0,0
Christopher Robin,0,0,0,0,0,0,0,0,0,0,0,0,0,0,0,0,0,0,0,1,0
Green Book,0,0,0,0,0,0,0,0,0,0,0,0,0,0,0,0,0,0,1,0,0
I Can Only Imagine,0,0,0,0,0,0,0,0,0,1,0,0,0,0,0,0,0,0,0,0,0
Night School,0,0,0,0,0,0,0,0,0,0,0,0,0,0,0,0,0,0,1,0,0
The First Purge,0,0,0,0,0,0,0,0,0,0,0,0,0,0,0,0,0,0,1,0,0
Game Night,0,0,0,0,0,0,0,0,0,0,0,0,0,0,0,0,0,0,0,0,1
The House with a Clock in Its Walls,0,0,0,0,0,0,0,0,0,0,0,0,0,0,0,0,0,0,1,0,0
Skyscraper,0,0,0,0,0,0,0,0,0,0,0,0,0,0,0,0,0,0,1,0,0
Insidious: The Last Key,0,0,0,0,0,0,0,0,0,0,0,0,0,0,0,0,0,0,1,0,0
Instant Family,0,0,0,0,0,0,0,1,0,0,0,0,0,0,0,0,0,0,0,0,0
Blockers,0,0,0,0,0,0,0,0,0,0,0,0,0,0,0,0,0,0,1,0,0
Pacific Rim: Uprising,0,0,0,0,0,0,0,0,0,0,0,0,0,0,0,0,0,0,1,0,0
Tomb Raider,0,0,0,0,0,0,0,0,0,0,0,0,0,0,0,0,0,0,0,0,1
Maze Runner: The Death Cure,0,0,0,0,0,0,0,0,0,0,0,0,0,0,0,0,0,1,0,0,0
The Nutcracker and the Four Realms,0,0,0,0,0,0,0,0,0,0,0,0,0,0,0,0,0,0,0,1,0
Tag,0,0,0,0,0,0,0,0,0,0,0,0,0,0,0,0,0,0,0,0,1
A Simple Favor,0,0,0,0,1,0,0,0,0,0,0,0,0,0,0,0,0,0,0,0,0
The Predator,0,0,0,0,0,0,0,0,0,0,0,0,0,0,0,0,0,1,0,0,0
Overboard,0,0,0,0,0,0,1,0,0,0,0,0,0,0,0,0,0,0,0,0,0
Sicario: Day of the Soldado,0,0,0,0,0,0,0,0,0,0,0,0,0,1,0,0,0,0,0,0,0
BlacKkKlansman,0,0,1,0,0,0,0,0,0,0,0,0,0,0,0,0,0,0,0,0,0
I Feel Pretty,0,0,0,0,0,0,0,0,0,0,1,0,0,0,0,0,0,0,0,0,0
Red Sparrow,0,0,0,0,0,0,0,0,0,0,0,0,0,0,0,0,0,1,0,0,0
Breaking In,0,0,0,0,0,0,0,0,0,0,0,0,0,0,0,0,0,0,1,0,0
Goosebumps 2: Haunted Halloween,0,0,0,0,0,0,0,0,0,0,0,0,0,1,0,0,0,0,0,0,0
First Man,0,0,0,0,0,0,0,0,0,0,0,0,0,0,0,0,0,0,1,0,0
Sherlock Gnomes,0,0,0,0,0,0,0,1,0,0,0,0,0,0,0,0,0,0,0,0,0
Widows,0,0,0,0,0,0,0,0,0,0,0,0,0,0,0,0,0,1,0,0,0
Truth or Dare,0,0,0,0,0,0,0,0,0,0,0,0,0,0,0,0,0,0,1,0,0
"Love, Simon",0,0,0,0,0,0,0,0,0,0,0,0,0,0,0,0,0,1,0,0,0
Second Act,0,0,0,0,0,0,0,0,0,0,1,0,0,0,0,0,0,0,0,0,0
The 15:17 to Paris,0,0,0,0,0,0,0,0,0,0,0,0,0,0,0,0,0,0,0,0,1
Mile 22,0,0,0,0,0,0,0,0,0,0,1,0,0,0,0,0,0,0,0,0,0
Alpha,0,0,0,0,0,0,1,0,0,0,0,0,0,0,0,0,0,0,0,0,0
Peppermint,0,0,0,0,0,0,0,0,0,0,1,0,0,0,0,0,0,0,0,0,0
Death Wish,0,0,0,0,0,0,1,0,0,0,0,0,0,0,0,0,0,0,0,0,0
The Spy Who Dumped Me,0,0,0,0,1,0,0,0,0,0,0,0,0,0,0,0,0,0,0,0,0
Annihilation,0,0,0,0,0,0,0,1,0,0,0,0,0,0,0,0,0,0,0,0,0
Nobody's Fool,0,0,0,0,0,0,0,1,0,0,0,0,0,0,0,0,0,0,0,0,0
Adrift,0,0,0,0,0,0,0,0,0,0,1,0,0,0,0,0,0,0,0,0,0
Robin Hood,0,0,0,0,1,0,0,0,0,0,0,0,0,0,0,0,0,0,0,0,0
Super Troopers 2,0,0,0,0,0,0,0,0,0,0,0,0,0,0,0,0,0,1,0,0,0
Holmes & Watson,0,0,0,0,0,0,0,0,0,0,0,0,0,1,0,0,0,0,0,0,0
Slender Man,0,0,0,0,0,0,0,0,0,0,0,1,0,0,0,0,0,0,0,0,0
Teen Titans GO! To the Movies,0,0,0,0,0,0,0,0,0,0,0,0,0,0,0,0,0,0,0,0,1
The Hate U Give,0,0,0,0,0,0,0,0,0,0,0,0,0,0,0,0,0,1,0,0,0
White Boy Rick,0,0,0,0,0,0,1,0,0,0,0,0,0,0,0,0,0,0,0,0,0
Overlord,0,0,0,0,0,0,0,1,0,0,0,0,0,0,0,0,0,0,0,0,0
Proud Mary,0,0,0,0,0,0,0,0,0,0,0,1,0,0,0,0,0,0,0,0,0
The Happytime Murders,0,0,0,0,0,0,0,0,0,0,1,0,0,0,0,0,0,0,0,0,0
SuperFly,0,0,0,0,0,0,0,0,0,0,0,0,0,1,0,0,0,0,0,0,0
Bad Times at the El Royale,0,0,0,0,0,0,0,0,0,0,0,0,0,0,0,0,0,1,0,0,0
Operation Finale,0,0,0,0,0,0,1,0,0,0,0,0,0,0,0,0,0,0,0,0,0
"Paul, Apostle of Christ",0,0,0,0,0,0,1,0,0,0,0,0,0,0,0,0,0,0,0,0,0
Forever My Girl,0,0,0,0,0,0,0,0,0,1,0,0,0,0,0,0,0,0,0,0,0
Hunter Killer,0,0,0,0,1,0,0,0,0,0,0,0,0,0,0,0,0,0,0,0,0
The Girl in the Spider's Web,0,0,0,0,0,0,0,0,0,0,0,0,0,1,0,0,0,0,0,0,0
The Possession of Hannah Grace,0,0,0,0,0,0,0,0,0,0,0,1,0,0,0,0,0,0,0,0,0
The Darkest Minds,0,0,0,0,0,0,0,0,0,0,0,0,0,0,0,0,0,1,0,0,0
Hell Fest,0,0,0,0,1,0,0,0,0,0,0,0,0,0,0,0,0,0,0,0,0
Unfriended: Dark Web,0,0,0,0,0,0,1,0,0,0,0,0,0,0,0,0,0,0,0,0,0
The Hurricane Heist,0,0,0,0,0,0,1,0,0,0,0,0,0,0,0,0,0,0,0,0,0
Every Day,0,0,0,0,0,0,1,0,0,0,0,0,0,0,0,0,0,0,0,0,0
Once Upon a Deadpool 2018 Re-release,0,0,0,0,0,0,0,0,0,0,0,0,0,0,0,0,0,1,0,0,0
Death of a Nation,0,0,0,0,0,0,1,0,0,0,0,0,0,0,0,0,0,0,0,0,0
Action Point,0,0,0,0,0,0,0,1,0,0,0,0,0,0,0,0,0,0,0,0,0
Johnny English Strikes Again,0,0,0,0,0,0,0,0,0,0,0,0,0,0,0,0,0,0,1,0,0
Avengers: Endgame,0,0,0,0,0,0,0,0,0,0,0,0,0,0,0,0,0,0,0,1,0
The Lion King,0,0,0,0,0,0,0,0,0,0,0,0,0,0,0,0,0,0,0,1,0
Star Wars: Episode IX - The Rise of Skywalker,0,0,0,0,0,0,0,0,0,0,0,0,0,0,0,0,0,0,0,1,0
Frozen II,0,0,0,0,0,0,0,0,0,0,0,0,0,0,0,0,0,0,0,1,0
Toy Story 4,0,0,0,0,0,0,0,0,0,0,0,0,0,0,0,0,0,0,0,1,0
Captain Marvel,0,0,0,0,0,0,0,0,0,0,0,0,0,0,0,0,0,0,0,1,0
Spider-Man: Far from Home,0,0,0,0,0,0,0,0,0,0,0,0,0,1,0,0,0,0,0,0,0
Aladdin,0,0,0,0,0,0,0,0,0,0,0,0,0,0,0,0,0,0,0,1,0
Joker,0,0,0,0,0,0,0,0,0,0,0,0,0,0,0,0,0,0,0,0,1
Jumanji: The Next Level,0,0,0,0,0,0,0,0,0,0,0,0,0,1,0,0,0,0,0,0,0
It Chapter Two,0,0,0,0,0,0,0,0,0,0,0,0,0,0,0,0,0,0,0,0,1
Us,0,0,0,0,0,0,0,0,0,0,0,0,0,0,0,0,0,0,1,0,0
John Wick: Chapter 3 - Parabellum,0,0,0,0,1,0,0,0,0,0,0,0,0,0,0,0,0,0,0,0,0
Knives Out,0,0,0,0,1,0,0,0,0,0,0,0,0,0,0,0,0,0,0,0,0
How to Train Your Dragon: The Hidden World,0,0,0,0,0,0,0,0,0,0,0,0,0,0,0,0,0,0,1,0,0
1917,0,0,0,0,0,0,0,0,0,0,0,0,0,0,0,0,0,0,1,0,0
The Secret Life of Pets 2,0,0,0,0,0,0,0,0,0,0,0,0,0,0,0,0,0,0,1,0,0
Pokémon Detective Pikachu,0,0,0,0,0,0,0,0,0,0,0,0,0,0,0,0,0,0,0,0,1
Once Upon a Time... In Hollywood,0,0,0,0,0,0,0,0,0,0,0,0,0,1,0,0,0,0,0,0,0
Shazam!,0,0,0,0,0,0,0,0,0,0,0,0,0,0,0,0,0,0,0,0,1
Ford v Ferrari,0,0,0,0,0,0,0,0,0,0,0,0,0,0,0,0,0,1,0,0,0
Dumbo,0,0,0,0,0,0,0,0,0,0,0,0,0,0,0,0,0,0,0,1,0
Maleficent: Mistress of Evil,0,0,0,0,0,0,0,0,0,0,0,0,0,0,0,0,0,0,0,1,0
Glass,0,0,0,0,0,0,0,0,0,0,0,0,0,0,0,0,0,0,1,0,0
Godzilla: King of the Monsters,0,0,0,0,0,0,0,0,0,0,0,0,0,0,0,0,0,0,0,0,1
The Upside,0,0,0,0,0,0,0,0,0,0,1,0,0,0,0,0,0,0,0,0,0
Little Women,0,0,0,0,0,0,0,0,0,0,0,0,0,1,0,0,0,0,0,0,0
The Lego Movie 2: The Second Part,0,0,0,0,0,0,0,0,0,0,0,0,0,0,0,0,0,0,0,0,1
Hustlers,0,0,0,0,0,0,0,0,0,0,1,0,0,0,0,0,0,0,0,0,0
The Addams Family,0,0,0,0,0,0,1,0,0,0,0,0,0,0,0,0,0,0,0,0,0
Downton Abbey,0,0,1,0,0,0,0,0,0,0,0,0,0,0,0,0,0,0,0,0,0
Rocketman,0,0,0,0,0,0,0,1,0,0,0,0,0,0,0,0,0,0,0,0,0
Alita: Battle Angel,0,0,0,0,0,0,0,0,0,0,0,0,0,0,0,0,0,1,0,0,0
Good Boys,0,0,0,0,0,0,0,0,0,0,0,0,0,0,0,0,0,0,1,0,0
Men in Black: International,0,0,0,0,0,0,0,0,0,0,0,0,0,1,0,0,0,0,0,0,0
Annabelle Comes Home,0,0,0,0,0,0,0,0,0,0,0,0,0,0,0,0,0,0,0,0,1
Yesterday,0,0,0,0,0,0,0,0,0,0,0,0,0,0,0,0,0,0,1,0,0
A Madea Family Funeral,0,0,0,0,1,0,0,0,0,0,0,0,0,0,0,0,0,0,0,0,0
Zombieland: Double Tap,0,0,0,0,0,0,0,0,0,0,0,0,0,1,0,0,0,0,0,0,0
Angel Has Fallen,0,0,0,0,1,0,0,0,0,0,0,0,0,0,0,0,0,0,0,0,0
Scary Stories to Tell in the Dark,0,0,0,0,1,0,0,0,0,0,0,0,0,0,0,0,0,0,0,0,0
Spies in Disguise,0,0,0,0,0,0,0,0,0,0,0,0,0,0,0,0,0,1,0,0,0
X-Men: Dark Phoenix,0,0,0,0,0,0,0,0,0,0,0,0,0,0,0,0,0,1,0,0,0
Terminator: Dark Fate,0,0,0,0,0,0,0,1,0,0,0,0,0,0,0,0,0,0,0,0,0
A Beautiful Day in the Neighborhood,0,0,0,0,0,0,0,0,0,0,0,0,0,1,0,0,0,0,0,0,0
Abominable,0,0,0,0,0,0,0,0,0,0,0,0,0,0,0,0,0,0,1,0,0
Dora and the Lost City of Gold,0,0,0,0,0,0,0,1,0,0,0,0,0,0,0,0,0,0,0,0,0
Escape Room,0,0,0,0,0,0,0,0,0,0,0,0,0,1,0,0,0,0,0,0,0
Midway,0,0,0,0,1,0,0,0,0,0,0,0,0,0,0,0,0,0,0,0,0
The Curse of la Llorona,0,0,0,0,0,0,0,0,0,0,0,0,0,0,0,0,0,0,0,0,1
Pet Sematary,0,0,0,0,0,0,0,1,0,0,0,0,0,0,0,0,0,0,0,0,0
What Men Want,0,0,0,0,0,0,0,1,0,0,0,0,0,0,0,0,0,0,0,0,0
Parasite,0,0,0,0,0,0,1,0,0,0,0,0,0,0,0,0,0,0,0,0,0
Ad Astra,0,0,0,0,0,0,0,0,0,0,0,0,0,0,0,0,0,1,0,0,0
Uncut Gems,0,0,0,0,0,0,1,0,0,0,0,0,0,0,0,0,0,0,0,0,0
Isn't It Romantic,0,0,0,0,0,0,0,0,0,0,0,0,0,0,0,0,0,0,0,0,1
Gemini Man,0,0,0,0,0,0,0,1,0,0,0,0,0,0,0,0,0,0,0,0,0
Ma,0,0,0,0,0,0,0,0,0,0,0,0,0,0,0,0,0,0,1,0,0
Five Feet Apart,0,0,0,0,1,0,0,0,0,0,0,0,0,0,0,0,0,0,0,0,0
Wonder Park,0,0,0,0,0,0,0,1,0,0,0,0,0,0,0,0,0,0,0,0,0
Rambo: Last Blood,0,0,0,0,1,0,0,0,0,0,0,0,0,0,0,0,0,0,0,0,0
Playing with Fire,0,0,0,0,0,0,0,1,0,0,0,0,0,0,0,0,0,0,0,0,0
Queen & Slim,0,0,0,0,0,0,0,0,0,0,0,0,0,0,0,0,0,0,1,0,0
Harriet,0,0,1,0,0,0,0,0,0,0,0,0,0,0,0,0,0,0,0,0,0
A Dog's Way Home,0,0,0,0,0,0,0,0,0,0,0,0,0,1,0,0,0,0,0,0,0
The Angry Birds Movie 2,0,0,0,0,0,0,0,0,0,0,0,0,0,1,0,0,0,0,0,0,0
Little,0,0,0,0,0,0,0,0,0,0,0,0,0,0,0,0,0,0,1,0,0
Breakthrough,0,0,0,0,0,0,0,0,0,0,0,0,0,0,0,0,0,1,0,0,0
Crawl,0,0,0,0,0,0,0,1,0,0,0,0,0,0,0,0,0,0,0,0,0
Just Mercy,0,0,0,0,0,0,0,0,0,0,0,0,0,0,0,0,0,0,0,0,1
The Intruder,0,0,0,0,0,0,0,0,0,0,0,1,0,0,0,0,0,0,0,0,0
The Hustle,0,0,0,0,0,0,1,0,0,0,0,0,0,0,0,0,0,0,0,0,0
Last Christmas,0,0,0,0,0,0,0,0,0,0,0,0,0,0,0,0,0,0,1,0,0
Overcomer,0,0,0,0,0,0,1,0,0,0,0,0,0,0,0,0,0,0,0,0,0
Jojo Rabbit,0,0,0,1,0,0,0,0,0,0,0,0,0,0,0,0,0,0,0,0,0
Cold Pursuit,0,0,0,0,1,0,0,0,0,0,0,0,0,0,0,0,0,0,0,0,0
Bombshell,0,0,0,0,1,0,0,0,0,0,0,0,0,0,0,0,0,0,0,0,0
Doctor Sleep,0,0,0,0,0,0,0,0,0,0,0,0,0,0,0,0,0,0,0,0,1
Dragon Ball Super: Broly,0,0,0,0,0,0,1,0,0,0,0,0,0,0,0,0,0,0,0,0,0
Long Shot,0,0,0,0,1,0,0,0,0,0,0,0,0,0,0,0,0,0,0,0,0
Child's Play,0,0,0,0,0,0,1,0,0,0,0,0,0,0,0,0,0,0,0,0,0
Ready or Not,0,0,0,1,0,0,0,0,0,0,0,0,0,0,0,0,0,0,0,0,0
21 Bridges,0,0,0,0,0,0,0,0,0,0,1,0,0,0,0,0,0,0,0,0,0
Happy Death Day 2U,0,0,0,0,0,0,0,0,0,0,0,0,0,0,0,0,0,0,1,0,0
Midsommar,0,0,0,0,0,0,1,0,0,0,0,0,0,0,0,0,0,0,0,0,0
Cats,0,0,0,0,0,0,0,0,0,0,0,0,0,0,0,0,0,0,1,0,0
The Art of Racing in the Rain,0,0,0,0,0,0,0,0,0,0,0,0,0,0,0,0,0,1,0,0,0
Countdown,0,0,0,0,0,0,0,0,0,0,1,0,0,0,0,0,0,0,0,0,0
Fighting with My Family,0,0,0,0,0,0,1,0,0,0,0,0,0,0,0,0,0,0,0,0,0
A Dog's Journey,0,0,0,0,0,0,0,0,0,0,0,0,0,0,0,0,0,0,1,0,0
Booksmart,0,0,0,0,0,0,1,0,0,0,0,0,0,0,0,0,0,0,0,0,0
Stuber,0,0,0,0,0,0,0,0,0,0,0,0,0,0,0,0,0,1,0,0,0
Richard Jewell,0,0,0,0,0,0,0,0,0,0,0,0,0,0,0,0,0,0,0,0,1
47 Meters Down: Uncaged,0,0,0,0,0,0,1,0,0,0,0,0,0,0,0,0,0,0,0,0,0
Black and Blue,0,0,0,0,0,0,0,0,0,0,0,1,0,0,0,0,0,0,0,0,0
Shaft,0,0,0,0,0,0,0,0,0,0,0,0,0,0,0,0,0,0,0,0,1
The Peanut Butter Falcon,0,0,0,0,0,0,0,0,0,1,0,0,0,0,0,0,0,0,0,0,0
Unplanned,0,0,0,0,0,0,1,0,0,0,0,0,0,0,0,0,0,0,0,0,0
Charlie's Angels,0,0,0,0,0,0,0,0,0,0,0,0,0,1,0,0,0,0,0,0,0
Brightburn,0,0,0,0,0,0,0,0,0,0,0,1,0,0,0,0,0,0,0,0,0
The Good Liar,0,0,0,0,0,0,0,0,0,0,0,0,0,0,0,0,0,0,0,0,1
Miss Bala,0,0,0,0,0,0,0,0,0,0,0,0,0,1,0,0,0,0,0,0,0
The Prodigy,0,0,0,0,0,0,1,0,0,0,0,0,0,0,0,0,0,0,0,0,0
The Kitchen,0,0,0,0,0,0,0,0,0,0,0,0,0,0,0,0,0,0,0,0,1
After,0,0,0,0,0,0,1,0,0,0,0,0,0,0,0,0,0,0,0,0,0
Black Christmas,0,0,0,0,0,0,0,0,0,0,0,0,0,0,0,0,0,0,1,0,0
The Best of Enemies,0,0,0,0,0,0,0,0,0,0,1,0,0,0,0,0,0,0,0,0,0
Motherless Brooklyn,0,0,0,0,0,0,0,0,0,0,0,0,0,0,0,0,0,0,0,0,1
The Goldfinch,0,0,0,0,0,0,0,0,0,0,0,0,0,0,0,0,0,0,0,0,1
Don't Let Go,0,0,0,0,0,0,1,0,0,0,0,0,0,0,0,0,0,0,0,0,0
The Wizard of Oz 2019 Re-release,0,0,0,0,0,0,1,0,0,0,0,0,0,0,0,0,0,0,0,0,0
